x-axis,1,2
second,Volt,Volt
-25.00000E-03,-140.66426E-03,-18.23964E-03
-24.97500E-03,-190.89667E-03,-48.65609E-03
-24.95000E-03,-354.19755E-03,-76.05810E-03
-24.92500E-03,-451.89541E-03,-100.13850E-03
-24.90000E-03,-452.80935E-03,-111.76727E-03
-24.87500E-03,-546.94566E-03,-111.32066E-03
-24.85000E-03,-553.78611E-03,-99.23712E-03
-24.82500E-03,-566.01287E-03,-75.86275E-03
-24.80000E-03,-582.24089E-03,-45.46576E-03
-24.77500E-03,-599.95132E-03,-12.58699E-03
-24.75000E-03,-616.05684E-03,+18.92431E-03
-24.72500E-03,-629.40169E-03,+44.75346E-03
-24.70000E-03,-638.67619E-03,+62.41175E-03
-24.67500E-03,-642.79993E-03,+70.25408E-03
-24.65000E-03,-641.49654E-03,+67.59642E-03
-24.62500E-03,-635.81186E-03,+56.27355E-03
-24.60000E-03,-627.22518E-03,+38.63222E-03
-24.57500E-03,-615.80244E-03,+17.64666E-03
-24.55000E-03,-604.24779E-03,-4.21452E-03
-24.52500E-03,-594.03737E-03,-23.89102E-03
-24.50000E-03,-586.01601E-03,-39.08449E-03
-24.47500E-03,-581.40232E-03,-48.20886E-03
-24.45000E-03,-580.35646E-03,-50.53800E-03
-24.42500E-03,-581.94566E-03,-46.49215E-03
-24.40000E-03,-586.71011E-03,-37.11086E-03
-24.37500E-03,-594.26036E-03,-24.19126E-03
-24.35000E-03,-601.95508E-03,-9.83071E-03
-24.32500E-03,-609.69378E-03,+4.40233E-03
-24.30000E-03,-615.95634E-03,+16.31627E-03
-24.27500E-03,-620.24654E-03,+24.83260E-03
-24.25000E-03,-622.38536E-03,+29.07820E-03
-24.22500E-03,-622.66802E-03,+28.85772E-03
-24.20000E-03,-620.86526E-03,+24.55936E-03
-24.17500E-03,-616.85458E-03,+17.22079E-03
-24.15000E-03,-611.81689E-03,+8.25785E-03
-24.12500E-03,-606.85458E-03,-1.35836E-03
-24.10000E-03,-601.88912E-03,-10.22771E-03
-24.07500E-03,-597.79679E-03,-17.27293E-03
-24.05000E-03,-595.15546E-03,-21.90547E-03
-24.02500E-03,-594.55244E-03,-23.41489E-03
-24.00000E-03,-595.42242E-03,-22.07129E-03
-23.97500E-03,-597.40734E-03,-18.36149E-03
-23.95000E-03,-600.43498E-03,-12.94441E-03
-23.92500E-03,-603.70760E-03,-6.74843E-03
-23.90000E-03,-607.40735E-03,-531.72E-06
-23.87500E-03,-610.45069E-03,+4.89479E-03
-23.85000E-03,-613.00722E-03,+8.83512E-03
-23.82500E-03,-614.19440E-03,+11.01727E-03
-23.80000E-03,-614.25722E-03,+11.33260E-03
-23.77500E-03,-613.23649E-03,+9.87971E-03
-23.75000E-03,-611.61274E-03,+6.96451E-03
-23.72500E-03,-609.22581E-03,+3.02858E-03
-23.70000E-03,-607.52355E-03,-1.07004E-03
-23.67500E-03,-605.12091E-03,-5.02230E-03
-23.65000E-03,-603.36212E-03,-8.25660E-03
-23.62500E-03,-601.98649E-03,-10.45069E-03
-23.60000E-03,-601.70696E-03,-11.37971E-03
-23.57500E-03,-601.65043E-03,-11.06564E-03
-23.55000E-03,-602.40420E-03,-9.73021E-03
-23.52500E-03,-603.63222E-03,-7.50911E-03
-23.50000E-03,-605.14290E-03,-4.88222E-03
-23.47500E-03,-606.60332E-03,-2.11840E-03
-23.45000E-03,-607.94126E-03,+305.59E-06
-23.42500E-03,-609.00910E-03,+2.26539E-03
-23.40000E-03,-609.88850E-03,+3.36589E-03
-23.37500E-03,-609.97958E-03,+3.66677E-03
-23.35000E-03,-609.43310E-03,+3.22644E-03
-23.32500E-03,-608.89604E-03,+2.02041E-03
-23.30000E-03,-608.19880E-03,+455.71E-06
-23.27500E-03,-607.37908E-03,-1.32569E-03
-23.25000E-03,-605.99088E-03,-3.07004E-03
-23.22500E-03,-605.13033E-03,-4.60584E-03
-23.20000E-03,-604.46136E-03,-5.67180E-03
-23.17500E-03,-604.33887E-03,-6.16677E-03
-23.15000E-03,-604.15044E-03,-6.16112E-03
-23.12500E-03,-604.70320E-03,-5.67682E-03
-23.10000E-03,-605.24340E-03,-4.76727E-03
-23.07500E-03,-605.69566E-03,-3.64227E-03
-23.05000E-03,-606.27983E-03,-2.45006E-03
-23.02500E-03,-606.82945E-03,-1.35647E-03
-23.00000E-03,-607.51413E-03,-422.42E-06
-22.97500E-03,-607.69943E-03,+134.74E-06
-22.95000E-03,-607.99151E-03,+335.74E-06
-22.92500E-03,-607.97895E-03,+179.96E-06
-22.90000E-03,-607.64290E-03,-254.71E-06
-22.87500E-03,-607.07443E-03,-912.38E-06
-22.85000E-03,-606.64415E-03,-1.68624E-03
-22.82500E-03,-606.16362E-03,-2.47268E-03
-22.80000E-03,-606.02543E-03,-3.17368E-03
-22.77500E-03,-605.66425E-03,-3.69504E-03
-22.75000E-03,-605.61400E-03,-3.99969E-03
-22.72500E-03,-605.37531E-03,-4.02795E-03
-22.70000E-03,-605.66739E-03,-3.82632E-03
-22.67500E-03,-605.66425E-03,-3.46325E-03
-22.65000E-03,-605.87154E-03,-2.96702E-03
-22.62500E-03,-606.00659E-03,-2.50785E-03
-22.60000E-03,-606.35835E-03,-1.99340E-03
-22.57500E-03,-606.59076E-03,-1.54805E-03
-22.55000E-03,-606.85144E-03,-1.28612E-03
-22.52500E-03,-606.91739E-03,-1.15986E-03
-22.50000E-03,-606.82317E-03,-1.18562E-03
-22.47500E-03,-606.62845E-03,-1.37720E-03
-22.45000E-03,-606.34892E-03,-1.63599E-03
-22.42500E-03,-606.23900E-03,-1.99529E-03
-22.40000E-03,-606.05998E-03,-2.35584E-03
-22.37500E-03,-605.91237E-03,-2.65232E-03
-22.35000E-03,-605.49466E-03,-2.80622E-03
-22.32500E-03,-605.50722E-03,-3.01727E-03
-22.30000E-03,-605.38787E-03,-3.02293E-03
-22.27500E-03,-605.45383E-03,-2.98587E-03
-22.25000E-03,-605.75533E-03,-2.81250E-03
-22.22500E-03,-605.88410E-03,-2.65860E-03
-22.20000E-03,-605.71764E-03,-2.43310E-03
-22.17500E-03,-605.81500E-03,-2.20886E-03
-22.15000E-03,-605.82129E-03,-2.03361E-03
-22.12500E-03,-605.95948E-03,-1.83574E-03
-22.10000E-03,-605.99403E-03,-1.79617E-03
-22.07500E-03,-606.25470E-03,-1.76413E-03
-22.05000E-03,-605.94063E-03,-1.87280E-03
-22.02500E-03,-606.02858E-03,-2.00220E-03
-22.00000E-03,-605.99088E-03,-2.12783E-03
-21.97500E-03,-605.56689E-03,-2.28926E-03
-21.95000E-03,-605.68624E-03,-2.40170E-03
-21.92500E-03,-605.35646E-03,-2.56815E-03
-21.90000E-03,-605.60458E-03,-2.58260E-03
-21.87500E-03,-605.17430E-03,-2.61464E-03
-21.85000E-03,-605.18686E-03,-2.58574E-03
-21.82500E-03,-605.62028E-03,-2.54114E-03
-21.80000E-03,-605.60772E-03,-2.49026E-03
-21.77500E-03,-605.54491E-03,-2.35333E-03
-21.75000E-03,-605.69252E-03,-2.27544E-03
-21.72500E-03,-606.09452E-03,-2.17242E-03
-21.70000E-03,-605.52606E-03,-2.08637E-03
-21.67500E-03,-606.03800E-03,-2.03800E-03
-21.65000E-03,-605.72393E-03,-2.03863E-03
-21.62500E-03,-605.61400E-03,-2.07758E-03
-21.60000E-03,-605.42556E-03,-2.15923E-03
-21.57500E-03,-605.59202E-03,-2.19190E-03
-21.55000E-03,-605.64541E-03,-2.26916E-03
-21.52500E-03,-605.39101E-03,-2.37280E-03
-21.50000E-03,-605.56689E-03,-2.39479E-03
-21.47500E-03,-605.32192E-03,-2.42808E-03
-21.45000E-03,-605.40986E-03,-2.46451E-03
-21.42500E-03,-605.24340E-03,-2.43813E-03
-21.40000E-03,-605.33448E-03,-2.41112E-03
-21.37500E-03,-605.34704E-03,-2.39165E-03
-21.35000E-03,-605.40358E-03,-2.35333E-03
-21.32500E-03,-605.45068E-03,-2.33260E-03
-21.30000E-03,-605.33134E-03,-2.28863E-03
-21.27500E-03,-605.27795E-03,-2.21388E-03
-21.25000E-03,-605.40986E-03,-2.17494E-03
-21.22500E-03,-605.59516E-03,-2.18499E-03
-21.20000E-03,-605.46011E-03,-2.17431E-03
-21.17500E-03,-605.36588E-03,-2.23712E-03
-21.15000E-03,-605.27480E-03,-2.25345E-03
-21.12500E-03,-605.25282E-03,-2.25974E-03
-21.10000E-03,-605.10521E-03,-2.31438E-03
-21.07500E-03,-605.01727E-03,-2.32820E-03
-21.05000E-03,-604.91677E-03,-2.37217E-03
-21.02500E-03,-605.17430E-03,-2.33009E-03
-21.00000E-03,-605.12719E-03,-2.34139E-03
-20.97500E-03,-604.89792E-03,-2.38725E-03
-20.95000E-03,-605.10207E-03,-2.31501E-03
-20.92500E-03,-605.19314E-03,-2.31752E-03
-20.90000E-03,-605.03611E-03,-2.29240E-03
-20.87500E-03,-605.08008E-03,-2.28486E-03
-20.85000E-03,-605.26224E-03,-2.29366E-03
-20.82500E-03,-605.07380E-03,-2.26916E-03
-20.80000E-03,-605.01727E-03,-2.26727E-03
-20.77500E-03,-605.09578E-03,-2.23901E-03
-20.75000E-03,-605.11149E-03,-2.30685E-03
-20.72500E-03,-605.03925E-03,-2.25911E-03
-20.70000E-03,-604.81313E-03,-2.28423E-03
-20.67500E-03,-605.14918E-03,-2.30496E-03
-20.65000E-03,-604.75659E-03,-2.35835E-03
-20.62500E-03,-604.78172E-03,-2.34768E-03
-20.60000E-03,-605.13662E-03,-2.34265E-03
-20.57500E-03,-604.85709E-03,-2.32129E-03
-20.55000E-03,-605.25282E-03,-2.28298E-03
-20.52500E-03,-604.98900E-03,-2.30496E-03
-20.50000E-03,-605.00157E-03,-2.27230E-03
-20.47500E-03,-605.01727E-03,-2.31627E-03
-20.45000E-03,-604.72204E-03,-2.29491E-03
-20.42500E-03,-604.86023E-03,-2.26916E-03
-20.40000E-03,-605.08636E-03,-2.24466E-03
-20.37500E-03,-605.03297E-03,-2.27230E-03
-20.35000E-03,-604.97958E-03,-2.22582E-03
-20.32500E-03,-604.77543E-03,-2.26790E-03
-20.30000E-03,-604.77543E-03,-2.25220E-03
-20.27500E-03,-604.79741E-03,-2.31376E-03
-20.25000E-03,-604.84453E-03,-2.31941E-03
-20.22500E-03,-604.82568E-03,-2.30057E-03
-20.20000E-03,-604.79427E-03,-2.27356E-03
-20.17500E-03,-604.77229E-03,-2.25345E-03
-20.15000E-03,-604.55244E-03,-2.28486E-03
-20.12500E-03,-604.65608E-03,-2.27544E-03
-20.10000E-03,-604.90421E-03,-2.27921E-03
-20.07500E-03,-604.70006E-03,-2.30057E-03
-20.05000E-03,-604.62154E-03,-2.26853E-03
-20.02500E-03,-15.40956E-03,+10.89049E-03
-20.00000E-03,+18.96254E-03,+40.77428E-03
-19.97500E-03,+210.22527E-03,+69.70518E-03
-19.95000E-03,+309.80995E-03,+94.72840E-03
-19.92500E-03,+303.48773E-03,+107.50410E-03
-19.90000E-03,+397.15610E-03,+107.48334E-03
-19.87500E-03,+402.86592E-03,+96.24836E-03
-19.85000E-03,+414.86029E-03,+73.29418E-03
-19.82500E-03,+430.71142E-03,+43.12834E-03
-19.80000E-03,+448.71708E-03,+10.02155E-03
-19.77500E-03,+465.11783E-03,-21.82266E-03
-19.75000E-03,+479.10651E-03,-48.14235E-03
-19.72500E-03,+488.71390E-03,-66.43692E-03
-19.70000E-03,+493.07004E-03,-74.92620E-03
-19.67500E-03,+492.02731E-03,-73.10394E-03
-19.65000E-03,+486.73207E-03,-62.24398E-03
-19.62500E-03,+477.77163E-03,-44.69057E-03
-19.60000E-03,+466.77287E-03,-23.80111E-03
-19.57500E-03,+455.09889E-03,-1.80488E-03
-19.55000E-03,+444.29487E-03,+18.09523E-03
-19.52500E-03,+435.72704E-03,+33.68566E-03
-19.50000E-03,+430.77102E-03,+43.29933E-03
-19.47500E-03,+429.18812E-03,+46.11024E-03
-19.45000E-03,+431.32067E-03,+42.43308E-03
-19.42500E-03,+436.21076E-03,+33.36271E-03
-19.40000E-03,+443.04808E-03,+20.61773E-03
-19.37500E-03,+451.04431E-03,+6.24209E-03
-19.35000E-03,+458.49092E-03,-8.09081E-03
-19.32500E-03,+465.48840E-03,-20.31505E-03
-19.30000E-03,+470.10522E-03,-29.14544E-03
-19.27500E-03,+472.28486E-03,-33.73713E-03
-19.25000E-03,+472.87216E-03,-33.75784E-03
-19.22500E-03,+470.39728E-03,-29.72642E-03
-19.20000E-03,+466.56562E-03,-22.59011E-03
-19.17500E-03,+461.95193E-03,-13.54048E-03
-19.15000E-03,+456.43057E-03,-3.97076E-03
-19.12500E-03,+451.48396E-03,+5.02987E-03
-19.10000E-03,+447.47957E-03,+12.29744E-03
-19.07500E-03,+445.03296E-03,+17.05686E-03
-19.05000E-03,+443.97770E-03,+18.81062E-03
-19.02500E-03,+444.59014E-03,+17.68498E-03
-19.00000E-03,+446.53738E-03,+14.09075E-03
-18.97500E-03,+449.58386E-03,+8.76286E-03
-18.95000E-03,+452.90045E-03,+2.59451E-03
-18.92500E-03,+456.77293E-03,-3.69883E-03
-18.90000E-03,+459.79116E-03,-9.18752E-03
-18.87500E-03,+461.65986E-03,-13.38098E-03
-18.85000E-03,+462.95069E-03,-15.74153E-03
-18.82500E-03,+463.06375E-03,-16.14667E-03
-18.80000E-03,+462.46073E-03,-14.69440E-03
-18.77500E-03,+461.12593E-03,-11.86839E-03
-18.75000E-03,+458.97455E-03,-8.09514E-03
-18.72500E-03,+456.85458E-03,-3.72643E-03
-18.70000E-03,+454.62153E-03,+179.35E-06
-18.67500E-03,+452.68372E-03,+3.47080E-03
-18.65000E-03,+451.43687E-03,+5.73650E-03
-18.62500E-03,+450.68309E-03,+6.74780E-03
-18.60000E-03,+450.58574E-03,+6.54868E-03
-18.57500E-03,+451.55622E-03,+5.21073E-03
-18.55000E-03,+452.85333E-03,+3.11777E-03
-18.52500E-03,+454.48336E-03,+491.51E-06
-18.50000E-03,+455.81816E-03,-2.27545E-03
-18.47500E-03,+457.20321E-03,-4.74781E-03
-18.45000E-03,+458.52858E-03,-6.69881E-03
-18.42500E-03,+459.30119E-03,-7.92431E-03
-18.40000E-03,+459.28863E-03,-8.31124E-03
-18.37500E-03,+459.10018E-03,-7.88159E-03
-18.35000E-03,+458.44377E-03,-6.72016E-03
-18.32500E-03,+457.67430E-03,-5.15232E-03
-18.30000E-03,+456.66928E-03,-3.35521E-03
-18.27500E-03,+455.91865E-03,-1.56249E-03
-18.25000E-03,+454.86023E-03,-70.66E-06
-18.22500E-03,+454.00596E-03,+1.01791E-03
-18.20000E-03,+453.68246E-03,+1.61589E-03
-18.17500E-03,+453.84579E-03,+1.65295E-03
-18.15000E-03,+453.71074E-03,+1.20006E-03
-18.12500E-03,+454.34202E-03,+306.21E-06
-18.10000E-03,+455.05182E-03,-831.35E-06
-18.07500E-03,+455.89353E-03,-1.97959E-03
-18.05000E-03,+456.26413E-03,-3.17745E-03
-18.02500E-03,+456.70383E-03,-4.07256E-03
-18.00000E-03,+457.37280E-03,-4.68122E-03
-17.97500E-03,+457.47644E-03,-4.90798E-03
-17.95000E-03,+457.04930E-03,-4.79742E-03
-17.92500E-03,+456.89855E-03,-4.32318E-03
-17.90000E-03,+456.58448E-03,-3.68184E-03
-17.87500E-03,+456.25784E-03,-2.89415E-03
-17.85000E-03,+455.59516E-03,-2.11024E-03
-17.82500E-03,+455.29051E-03,-1.33762E-03
-17.80000E-03,+454.68121E-03,-850.19E-06
-17.77500E-03,+454.81312E-03,-596.42E-06
-17.75000E-03,+454.84453E-03,-544.91E-06
-17.72500E-03,+454.80370E-03,-728.33E-06
-17.70000E-03,+455.00470E-03,-1.08637E-03
-17.67500E-03,+455.25283E-03,-1.50283E-03
-17.65000E-03,+455.67368E-03,-2.13662E-03
-17.62500E-03,+456.13223E-03,-2.56125E-03
-17.60000E-03,+456.23272E-03,-3.01916E-03
-17.57500E-03,+456.38348E-03,-3.26602E-03
-17.55000E-03,+456.46513E-03,-3.43122E-03
-17.52500E-03,+456.20131E-03,-3.41049E-03
-17.50000E-03,+456.46199E-03,-3.24277E-03
-17.47500E-03,+456.08512E-03,-2.97519E-03
-17.45000E-03,+455.64540E-03,-2.60835E-03
-17.42500E-03,+455.47581E-03,-2.23587E-03
-17.40000E-03,+455.46953E-03,-1.93813E-03
-17.37500E-03,+455.12719E-03,-1.74152E-03
-17.35000E-03,+454.97016E-03,-1.57758E-03
-17.32500E-03,+454.90106E-03,-1.53109E-03
-17.30000E-03,+455.20571E-03,-1.53800E-03
-17.27500E-03,+455.15547E-03,-1.70760E-03
-17.25000E-03,+455.23712E-03,-1.89228E-03
-17.22500E-03,+455.56061E-03,-2.09893E-03
-17.20000E-03,+455.38788E-03,-2.33323E-03
-17.17500E-03,+455.67682E-03,-2.52984E-03
-17.15000E-03,+455.81186E-03,-2.65044E-03
-17.12500E-03,+455.50407E-03,-2.78109E-03
-17.10000E-03,+455.71137E-03,-2.80308E-03
-17.07500E-03,+455.41928E-03,-2.72267E-03
-17.05000E-03,+455.32192E-03,-2.61275E-03
-17.02500E-03,+455.36275E-03,-2.44692E-03
-17.00000E-03,+455.12719E-03,-2.32255E-03
-16.97500E-03,+455.27795E-03,-2.16489E-03
-16.95000E-03,+455.12406E-03,-2.06564E-03
-16.92500E-03,+455.10520E-03,-1.99152E-03
-16.90000E-03,+455.14289E-03,-1.92368E-03
-16.87500E-03,+455.28423E-03,-1.93939E-03
-16.85000E-03,+454.99528E-03,-1.96262E-03
-16.82500E-03,+455.28737E-03,-2.09579E-03
-16.80000E-03,+455.16802E-03,-2.23084E-03
-16.77500E-03,+455.34705E-03,-2.34893E-03
-16.75000E-03,+455.33134E-03,-2.41991E-03
-16.72500E-03,+455.43184E-03,-2.48838E-03
-16.70000E-03,+455.18687E-03,-2.56564E-03
-16.67500E-03,+455.10521E-03,-2.54240E-03
-16.65000E-03,+455.10834E-03,-2.52732E-03
-16.62500E-03,+455.17431E-03,-2.46388E-03
-16.60000E-03,+455.24340E-03,-2.38285E-03
-16.57500E-03,+455.11463E-03,-2.28863E-03
-16.55000E-03,+454.83824E-03,-2.33888E-03
-16.52500E-03,+454.63725E-03,-2.17054E-03
-16.50000E-03,+454.54616E-03,-2.17180E-03
-16.47500E-03,+454.62154E-03,-2.13474E-03
-16.45000E-03,+454.92619E-03,-2.12783E-03
-16.42500E-03,+454.67494E-03,-2.14541E-03
-16.40000E-03,+454.97330E-03,-2.19064E-03
-16.37500E-03,+454.84453E-03,-2.21577E-03
-16.35000E-03,+454.99842E-03,-2.24340E-03
-16.32500E-03,+454.93247E-03,-2.31815E-03
-16.30000E-03,+454.89164E-03,-2.39604E-03
-16.27500E-03,+454.65609E-03,-2.41803E-03
-16.25000E-03,+454.73461E-03,-2.45760E-03
-16.22500E-03,+454.83825E-03,-2.42682E-03
-16.20000E-03,+454.94189E-03,-2.42117E-03
-16.17500E-03,+454.69063E-03,-2.37217E-03
-16.15000E-03,+454.86337E-03,-2.34768E-03
-16.12500E-03,+454.90734E-03,-2.27858E-03
-16.10000E-03,+454.88850E-03,-2.26602E-03
-16.07500E-03,+454.63725E-03,-2.24592E-03
-16.05000E-03,+454.53360E-03,-2.20886E-03
-16.02500E-03,+454.70949E-03,-2.20446E-03
-16.00000E-03,+454.59327E-03,-2.22205E-03
-15.97500E-03,+454.65922E-03,-2.25408E-03
-15.95000E-03,+454.63724E-03,-2.29805E-03
-15.92500E-03,+454.42681E-03,-2.29429E-03
-15.90000E-03,+454.56188E-03,-2.28863E-03
-15.87500E-03,+454.89164E-03,-2.28486E-03
-15.85000E-03,+454.71889E-03,-2.30057E-03
-15.82500E-03,+454.59956E-03,-2.32757E-03
-15.80000E-03,+454.73461E-03,-2.35773E-03
-15.77500E-03,+454.42054E-03,-2.31564E-03
-15.75000E-03,+454.59328E-03,-2.31627E-03
-15.72500E-03,+454.68435E-03,-2.30936E-03
-15.70000E-03,+454.50533E-03,-2.25345E-03
-15.67500E-03,+454.41740E-03,-2.22142E-03
-15.65000E-03,+454.55244E-03,-2.24278E-03
-15.62500E-03,+454.57757E-03,-2.23775E-03
-15.60000E-03,+454.34202E-03,-2.23775E-03
-15.57500E-03,+454.44566E-03,-2.24906E-03
-15.55000E-03,+454.30748E-03,-2.23649E-03
-15.52500E-03,+454.16300E-03,-2.30370E-03
-15.50000E-03,+454.31060E-03,-2.29114E-03
-15.47500E-03,+454.11275E-03,-2.32820E-03
-15.45000E-03,+454.30434E-03,-2.27481E-03
-15.42500E-03,+454.29805E-03,-2.26916E-03
-15.40000E-03,+454.46451E-03,-2.30245E-03
-15.37500E-03,+454.12217E-03,-2.32569E-03
-15.35000E-03,+454.22581E-03,-2.27670E-03
-15.32500E-03,+454.40797E-03,-2.35333E-03
-15.30000E-03,+454.23210E-03,-2.26790E-03
-15.27500E-03,+454.14730E-03,-2.30119E-03
-15.25000E-03,+454.18497E-03,-2.28486E-03
-15.22500E-03,+453.97456E-03,-2.26916E-03
-15.20000E-03,+454.14101E-03,-2.23273E-03
-15.17500E-03,+454.16613E-03,-2.25534E-03
-15.15000E-03,+454.32318E-03,-2.28423E-03
-15.12500E-03,+453.85521E-03,-2.31941E-03
-15.10000E-03,+453.89290E-03,-2.28486E-03
-15.07500E-03,+454.10646E-03,-2.30748E-03
-15.05000E-03,+454.00282E-03,-2.27984E-03
-15.02500E-03,+453.86778E-03,-2.32443E-03
-15.00000E-03,+246.10595E-03,-3.69832E-03
-14.97500E-03,-240.88936E-03,-33.57341E-03
-14.95000E-03,-464.03415E-03,-70.77633E-03
-14.92500E-03,-457.55805E-03,-101.61166E-03
-14.90000E-03,-529.90152E-03,-118.54625E-03
-14.87500E-03,-541.19818E-03,-122.87214E-03
-14.85000E-03,-547.05567E-03,-111.49955E-03
-14.82500E-03,-559.94201E-03,-87.30099E-03
-14.80000E-03,-577.32895E-03,-54.53650E-03
-14.77500E-03,-596.72910E-03,-18.54152E-03
-14.75000E-03,-614.73788E-03,+16.35544E-03
-14.72500E-03,-630.36283E-03,+45.90250E-03
-14.70000E-03,-641.13541E-03,+66.75670E-03
-14.67500E-03,-646.54996E-03,+76.97837E-03
-14.65000E-03,-645.52290E-03,+75.60391E-03
-14.62500E-03,-640.05176E-03,+64.37332E-03
-14.60000E-03,-630.51342E-03,+45.70054E-03
-14.57500E-03,-618.90222E-03,+22.78720E-03
-14.55000E-03,-606.61892E-03,-1.01933E-03
-14.52500E-03,-594.27600E-03,-23.06891E-03
-14.50000E-03,-585.30930E-03,-40.73973E-03
-14.47500E-03,-579.60267E-03,-51.68755E-03
-14.45000E-03,-577.69001E-03,-55.37908E-03
-14.42500E-03,-579.46139E-03,-51.88344E-03
-14.40000E-03,-584.34206E-03,-42.24395E-03
-14.37500E-03,-591.90489E-03,-28.41540E-03
-14.35000E-03,-600.37222E-03,-12.65537E-03
-14.32500E-03,-609.17560E-03,+2.86724E-03
-14.30000E-03,-616.35210E-03,+16.47526E-03
-14.27500E-03,-621.24531E-03,+26.46016E-03
-14.25000E-03,-624.06564E-03,+31.69443E-03
-14.22500E-03,-624.32631E-03,+32.22769E-03
-14.20000E-03,-622.49211E-03,+28.14349E-03
-14.17500E-03,-618.75153E-03,+20.43933E-03
-14.15000E-03,-613.42176E-03,+10.62651E-03
-14.12500E-03,-607.52979E-03,+218.21E-06
-14.10000E-03,-602.39789E-03,-9.70640E-03
-14.07500E-03,-597.86900E-03,-17.83390E-03
-14.05000E-03,-594.86022E-03,-23.24846E-03
-14.02500E-03,-593.57569E-03,-25.42620E-03
-14.00000E-03,-594.16614E-03,-24.44251E-03
-13.97500E-03,-596.31753E-03,-20.63722E-03
-13.95000E-03,-599.37974E-03,-14.82062E-03
-13.92500E-03,-603.29618E-03,-8.06434E-03
-13.90000E-03,-606.86717E-03,-1.21383E-03
-13.87500E-03,-610.79619E-03,+4.80689E-03
-13.85000E-03,-613.24279E-03,+9.45261E-03
-13.82500E-03,-614.78487E-03,+12.16804E-03
-13.80000E-03,-615.04239E-03,+12.77669E-03
-13.77500E-03,-614.42994E-03,+11.36839E-03
-13.75000E-03,-612.55494E-03,+8.34639E-03
-13.72500E-03,-610.20884E-03,+4.08445E-03
-13.70000E-03,-607.83446E-03,-354.62E-06
-13.67500E-03,-605.19941E-03,-4.67937E-03
-13.65000E-03,-603.12027E-03,-8.35901E-03
-13.62500E-03,-601.65671E-03,-10.95950E-03
-13.60000E-03,-600.77732E-03,-12.27481E-03
-13.57500E-03,-600.94377E-03,-12.13410E-03
-13.55000E-03,-601.88913E-03,-10.72832E-03
-13.52500E-03,-603.15170E-03,-8.41989E-03
-13.50000E-03,-604.60899E-03,-5.55117E-03
-13.47500E-03,-606.21075E-03,-2.58383E-03
-13.45000E-03,-607.67118E-03,+188.78E-06
-13.42500E-03,-609.30434E-03,+2.44631E-03
-13.40000E-03,-610.14605E-03,+3.79932E-03
-13.37500E-03,-610.29365E-03,+4.26665E-03
-13.35000E-03,-609.88536E-03,+3.83196E-03
-13.32500E-03,-609.38283E-03,+2.65294E-03
-13.30000E-03,-608.07945E-03,+970.15E-06
-13.27500E-03,-607.30055E-03,-945.68E-06
-13.25000E-03,-606.05369E-03,-2.90359E-03
-13.22500E-03,-605.23083E-03,-4.59769E-03
-13.20000E-03,-604.63095E-03,-5.86213E-03
-13.17500E-03,-604.15671E-03,-6.51791E-03
-13.15000E-03,-604.26035E-03,-6.63285E-03
-13.12500E-03,-604.38912E-03,-6.22644E-03
-13.10000E-03,-604.90107E-03,-5.23586E-03
-13.07500E-03,-605.67683E-03,-4.01287E-03
-13.05000E-03,-606.16049E-03,-2.65483E-03
-13.02500E-03,-606.90169E-03,-1.42241E-03
-13.00000E-03,-607.65545E-03,-397.29E-06
-12.97500E-03,-608.07317E-03,+324.44E-06
-12.95000E-03,-608.00094E-03,+592.65E-06
-12.92500E-03,-607.92242E-03,+446.92E-06
-12.90000E-03,-607.96639E-03,-24.82E-06
-12.87500E-03,-607.30998E-03,-692.53E-06
-12.85000E-03,-606.88284E-03,-1.56502E-03
-12.82500E-03,-606.64729E-03,-2.44567E-03
-12.80000E-03,-605.92491E-03,-3.18185E-03
-12.77500E-03,-605.46638E-03,-3.78549E-03
-12.75000E-03,-605.34705E-03,-4.14102E-03
-12.72500E-03,-605.42557E-03,-4.21828E-03
-12.70000E-03,-605.31878E-03,-4.05119E-03
-12.67500E-03,-605.58574E-03,-3.64164E-03
-12.65000E-03,-605.79930E-03,-3.12405E-03
-12.62500E-03,-606.43060E-03,-2.58637E-03
-12.60000E-03,-606.55936E-03,-2.04742E-03
-12.57500E-03,-606.78862E-03,-1.53235E-03
-12.55000E-03,-606.90482E-03,-1.23398E-03
-12.52500E-03,-606.95195E-03,-1.05245E-03
-12.50000E-03,-606.74466E-03,-1.07569E-03
-12.47500E-03,-606.86401E-03,-1.22017E-03
-12.45000E-03,-606.79490E-03,-1.51665E-03
-12.42500E-03,-606.47142E-03,-1.91301E-03
-12.40000E-03,-606.17934E-03,-2.26162E-03
-12.37500E-03,-606.22643E-03,-2.59893E-03
-12.35000E-03,-605.73964E-03,-2.90107E-03
-12.32500E-03,-605.66425E-03,-3.03486E-03
-12.30000E-03,-605.55432E-03,-3.07192E-03
-12.27500E-03,-605.67995E-03,-3.04554E-03
-12.25000E-03,-605.84956E-03,-2.92870E-03
-12.22500E-03,-606.04113E-03,-2.71325E-03
-12.20000E-03,-606.34578E-03,-2.47205E-03
-12.17500E-03,-606.11023E-03,-2.21262E-03
-12.15000E-03,-606.44943E-03,-1.99340E-03
-12.12500E-03,-606.32066E-03,-1.79491E-03
-12.10000E-03,-606.35207E-03,-1.70697E-03
-12.07500E-03,-606.45257E-03,-1.72833E-03
-12.05000E-03,-606.62844E-03,-1.83134E-03
-12.02500E-03,-606.50283E-03,-1.96514E-03
-12.00000E-03,-606.13221E-03,-2.11527E-03
-11.97500E-03,-605.90295E-03,-2.25660E-03
-11.95000E-03,-605.88096E-03,-2.40170E-03
-11.92500E-03,-605.96261E-03,-2.53047E-03
-11.90000E-03,-605.86840E-03,-2.63537E-03
-11.87500E-03,-605.88097E-03,-2.64604E-03
-11.85000E-03,-605.72393E-03,-2.63851E-03
-11.82500E-03,-605.64541E-03,-2.60961E-03
-11.80000E-03,-605.76790E-03,-2.50534E-03
-11.77500E-03,-606.09453E-03,-2.40484E-03
-11.75000E-03,-605.64542E-03,-2.32255E-03
-11.72500E-03,-605.88410E-03,-2.21890E-03
-11.70000E-03,-606.25471E-03,-2.06690E-03
-11.67500E-03,-605.99087E-03,-2.04240E-03
-11.65000E-03,-605.83699E-03,-2.03738E-03
-11.62500E-03,-605.99089E-03,-2.04303E-03
-11.60000E-03,-605.80244E-03,-2.08386E-03
-11.57500E-03,-606.09766E-03,-2.19064E-03
-11.55000E-03,-605.86840E-03,-2.32318E-03
-11.52500E-03,-605.95948E-03,-2.36401E-03
-11.50000E-03,-605.64540E-03,-2.41677E-03
-11.47500E-03,-605.53234E-03,-2.44190E-03
-11.45000E-03,-605.72393E-03,-2.45760E-03
-11.42500E-03,-605.49780E-03,-2.46137E-03
-11.40000E-03,-605.41927E-03,-2.38034E-03
-11.37500E-03,-605.55119E-03,-2.38223E-03
-11.35000E-03,-605.64541E-03,-2.35773E-03
-11.32500E-03,-605.72706E-03,-2.26853E-03
-11.30000E-03,-605.48524E-03,-2.25848E-03
-11.27500E-03,-605.59515E-03,-2.16991E-03
-11.25000E-03,-605.56689E-03,-2.20634E-03
-11.22500E-03,-605.42242E-03,-2.17494E-03
-11.20000E-03,-605.64541E-03,-2.13788E-03
-11.17500E-03,-605.52920E-03,-2.20571E-03
-11.15000E-03,-605.43812E-03,-2.20634E-03
-11.12500E-03,-605.39415E-03,-2.27544E-03
-11.10000E-03,-605.41300E-03,-2.27167E-03
-11.07500E-03,-605.44128E-03,-2.38097E-03
-11.05000E-03,-605.39728E-03,-2.35459E-03
-11.02500E-03,-605.43497E-03,-2.35333E-03
-11.00000E-03,-605.29993E-03,-2.30371E-03
-10.97500E-03,-605.44755E-03,-2.32820E-03
-10.95000E-03,-605.40357E-03,-2.34391E-03
-10.92500E-03,-605.22771E-03,-2.29680E-03
-10.90000E-03,-605.46953E-03,-2.28863E-03
-10.87500E-03,-605.45697E-03,-2.28486E-03
-10.85000E-03,-605.35647E-03,-2.23084E-03
-10.82500E-03,-605.45383E-03,-2.26225E-03
-10.80000E-03,-605.22455E-03,-2.22582E-03
-10.77500E-03,-605.33134E-03,-2.17619E-03
-10.75000E-03,-605.15860E-03,-2.29114E-03
-10.72500E-03,-605.30307E-03,-2.27795E-03
-10.70000E-03,-605.24968E-03,-2.26916E-03
-10.67500E-03,-605.12091E-03,-2.31124E-03
-10.65000E-03,-605.02983E-03,-2.32443E-03
-10.62500E-03,-605.09578E-03,-2.30057E-03
-10.60000E-03,-605.00471E-03,-2.30057E-03
-10.57500E-03,-605.09893E-03,-2.28423E-03
-10.55000E-03,-605.10208E-03,-2.35521E-03
-10.52500E-03,-605.17430E-03,-2.30182E-03
-10.50000E-03,-604.87595E-03,-2.29743E-03
-10.47500E-03,-605.17430E-03,-2.28675E-03
-10.45000E-03,-605.18372E-03,-2.31250E-03
-10.42500E-03,-605.08321E-03,-2.29177E-03
-10.40000E-03,-605.01727E-03,-2.27418E-03
-10.37500E-03,-605.25281E-03,-2.28486E-03
-10.35000E-03,-604.87908E-03,-2.25722E-03
-10.32500E-03,-604.95760E-03,-2.29805E-03
-10.30000E-03,-605.15547E-03,-2.26099E-03
-10.27500E-03,-604.75972E-03,-2.28926E-03
-10.25000E-03,-604.84452E-03,-2.26602E-03
-10.22500E-03,-604.71261E-03,-2.30183E-03
-10.20000E-03,-604.88222E-03,-2.30936E-03
-10.17500E-03,-605.06751E-03,-2.33825E-03
-10.15000E-03,-604.77544E-03,-2.29994E-03
-10.12500E-03,-604.49905E-03,-2.30057E-03
-10.10000E-03,-604.80998E-03,-2.26916E-03
-10.07500E-03,-604.62781E-03,-2.30873E-03
-10.05000E-03,-604.67494E-03,-2.31124E-03
-10.02500E-03,-460.50007E-03,-1.21245E-03
-10.00000E-03,+301.39061E-03,+36.97440E-03
-9.97500E-03,+397.14655E-03,+82.22623E-03
-9.95000E-03,+392.06812E-03,+113.16199E-03
-9.92500E-03,+386.33635E-03,+127.08831E-03
-9.90000E-03,+388.70768E-03,+123.30295E-03
-9.87500E-03,+398.72028E-03,+103.94287E-03
-9.85000E-03,+414.89183E-03,+72.85609E-03
-9.82500E-03,+435.29389E-03,+34.90443E-03
-9.80000E-03,+455.97854E-03,-3.59241E-03
-9.77500E-03,+474.55890E-03,-38.81849E-03
-9.75000E-03,+488.27745E-03,-66.40256E-03
-9.72500E-03,+497.23780E-03,-83.20833E-03
-9.70000E-03,+499.73775E-03,-88.34891E-03
-9.67500E-03,+496.56557E-03,-81.50271E-03
-9.65000E-03,+488.03852E-03,-65.23879E-03
-9.62500E-03,+476.81361E-03,-42.37254E-03
-9.60000E-03,+463.27404E-03,-16.53710E-03
-9.57500E-03,+449.31362E-03,+8.17205E-03
-9.55000E-03,+438.17044E-03,+29.75428E-03
-9.52500E-03,+429.59008E-03,+45.53059E-03
-9.50000E-03,+425.29051E-03,+53.70137E-03
-9.47500E-03,+425.12720E-03,+53.81373E-03
-9.45000E-03,+428.87411E-03,+46.72070E-03
-9.42500E-03,+435.94072E-03,+33.92417E-03
-9.40000E-03,+444.47401E-03,+17.61008E-03
-9.37500E-03,+453.71399E-03,+541.60E-06
-9.35000E-03,+462.47964E-03,-15.27809E-03
-9.32500E-03,+469.30753E-03,-28.21963E-03
-9.30000E-03,+474.02169E-03,-36.73466E-03
-9.27500E-03,+475.86213E-03,-39.99152E-03
-9.25000E-03,+474.81937E-03,-38.07942E-03
-9.22500E-03,+470.79927E-03,-31.61707E-03
-9.20000E-03,+466.32062E-03,-21.95436E-03
-9.17500E-03,+460.22135E-03,-10.74016E-03
-9.15000E-03,+454.41420E-03,+257.95E-06
-9.12500E-03,+448.68871E-03,+9.98909E-03
-9.10000E-03,+444.49275E-03,+17.45200E-03
-9.07500E-03,+442.53924E-03,+21.75159E-03
-9.05000E-03,+441.70696E-03,+22.43435E-03
-9.02500E-03,+443.21451E-03,+19.80430E-03
-9.00000E-03,+446.05059E-03,+14.55553E-03
-8.97500E-03,+450.07071E-03,+7.70879E-03
-8.95000E-03,+454.57133E-03,+345.72E-06
-8.92500E-03,+458.45009E-03,-6.71897E-03
-8.90000E-03,+461.60023E-03,-12.57512E-03
-8.87500E-03,+463.43437E-03,-16.71329E-03
-8.85000E-03,+464.42053E-03,-18.62030E-03
-8.82500E-03,+464.28546E-03,-18.16989E-03
-8.80000E-03,+463.01034E-03,-15.73457E-03
-8.77500E-03,+461.12278E-03,-11.79674E-03
-8.75000E-03,+458.58193E-03,-7.07438E-03
-8.72500E-03,+455.94689E-03,-1.99021E-03
-8.70000E-03,+453.28357E-03,+2.28428E-03
-8.67500E-03,+451.19817E-03,+5.68376E-03
-8.65000E-03,+450.10207E-03,+7.79995E-03
-8.62500E-03,+449.75658E-03,+8.46262E-03
-8.60000E-03,+450.12093E-03,+7.63912E-03
-8.57500E-03,+451.47771E-03,+5.62026E-03
-8.55000E-03,+453.07633E-03,+2.80493E-03
-8.52500E-03,+454.92935E-03,-371.58E-06
-8.50000E-03,+456.82319E-03,-3.46266E-03
-8.47500E-03,+457.90988E-03,-6.19695E-03
-8.45000E-03,+459.44566E-03,-8.19191E-03
-8.42500E-03,+460.12721E-03,-9.25911E-03
-8.40000E-03,+460.01413E-03,-9.29177E-03
-8.37500E-03,+459.36714E-03,-8.39666E-03
-8.35000E-03,+458.48773E-03,-6.82378E-03
-8.32500E-03,+457.27227E-03,-4.74841E-03
-8.30000E-03,+456.16989E-03,-2.66047E-03
-8.27500E-03,+455.13033E-03,-746.53E-06
-8.25000E-03,+453.93373E-03,+924.95E-06
-8.22500E-03,+453.37154E-03,+1.99278E-03
-8.20000E-03,+453.12343E-03,+2.41112E-03
-8.17500E-03,+453.39981E-03,+2.16551E-03
-8.15000E-03,+454.13472E-03,+1.44377E-03
-8.12500E-03,+454.57758E-03,+243.39E-06
-8.10000E-03,+455.33763E-03,-1.13538E-03
-8.07500E-03,+455.97207E-03,-2.53174E-03
-8.05000E-03,+456.65671E-03,-3.82256E-03
-8.02500E-03,+457.19063E-03,-4.72520E-03
-8.00000E-03,+457.46701E-03,-5.28110E-03
-7.97500E-03,+457.41364E-03,-5.43687E-03
-7.95000E-03,+457.45446E-03,-5.09139E-03
-7.92500E-03,+457.32569E-03,-4.42367E-03
-7.90000E-03,+456.42745E-03,-3.55746E-03
-7.87500E-03,+456.00658E-03,-2.64289E-03
-7.85000E-03,+455.57945E-03,-1.68938E-03
-7.82500E-03,+455.35018E-03,-972.67E-06
-7.80000E-03,+454.75972E-03,-469.53E-06
-7.77500E-03,+454.87280E-03,-228.33E-06
-7.75000E-03,+454.64038E-03,-287.38E-06
-7.72500E-03,+454.97957E-03,-598.94E-06
-7.70000E-03,+455.09265E-03,-1.05685E-03
-7.67500E-03,+455.46011E-03,-1.63223E-03
-7.65000E-03,+455.97520E-03,-2.26288E-03
-7.62500E-03,+456.22644E-03,-2.81564E-03
-7.60000E-03,+456.18246E-03,-3.28173E-03
-7.57500E-03,+456.26727E-03,-3.58700E-03
-7.55000E-03,+456.64729E-03,-3.62971E-03
-7.52500E-03,+456.39604E-03,-3.53360E-03
-7.50000E-03,+456.46198E-03,-3.33699E-03
-7.47500E-03,+456.07880E-03,-2.94943E-03
-7.45000E-03,+455.80873E-03,-2.50911E-03
-7.42500E-03,+455.60774E-03,-2.10144E-03
-7.40000E-03,+455.40670E-03,-1.75973E-03
-7.37500E-03,+455.11150E-03,-1.52481E-03
-7.35000E-03,+455.12405E-03,-1.38976E-03
-7.32500E-03,+455.16487E-03,-1.40546E-03
-7.30000E-03,+455.16175E-03,-1.47519E-03
-7.27500E-03,+455.16174E-03,-1.71451E-03
-7.25000E-03,+455.19001E-03,-1.91112E-03
-7.22500E-03,+455.63912E-03,-2.16615E-03
-7.20000E-03,+455.73019E-03,-2.47959E-03
-7.17500E-03,+455.61713E-03,-2.67243E-03
-7.15000E-03,+455.69566E-03,-2.78801E-03
-7.12500E-03,+455.84955E-03,-2.85961E-03
-7.10000E-03,+455.70506E-03,-2.83637E-03
-7.07500E-03,+455.71136E-03,-2.76288E-03
-7.05000E-03,+455.59830E-03,-2.65232E-03
-7.02500E-03,+455.66741E-03,-2.44629E-03
-7.00000E-03,+455.33135E-03,-2.23775E-03
-6.97500E-03,+455.22770E-03,-2.09642E-03
-6.95000E-03,+455.12406E-03,-1.98775E-03
-6.92500E-03,+455.10206E-03,-1.89227E-03
-6.90000E-03,+455.16801E-03,-1.90044E-03
-6.87500E-03,+455.04869E-03,-1.92368E-03
-6.85000E-03,+455.28423E-03,-2.02041E-03
-6.82500E-03,+455.12404E-03,-2.12783E-03
-6.80000E-03,+455.28108E-03,-2.22833E-03
-6.77500E-03,+455.24027E-03,-2.31313E-03
-6.75000E-03,+455.25281E-03,-2.44190E-03
-6.72500E-03,+455.51035E-03,-2.59516E-03
-6.70000E-03,+455.27481E-03,-2.56376E-03
-6.67500E-03,+455.17116E-03,-2.58135E-03
-6.65000E-03,+455.34706E-03,-2.54114E-03
-6.62500E-03,+455.22141E-03,-2.45132E-03
-6.60000E-03,+455.38159E-03,-2.35207E-03
-6.57500E-03,+455.13348E-03,-2.27167E-03
-6.55000E-03,+454.89164E-03,-2.26539E-03
-6.52500E-03,+454.99215E-03,-2.20258E-03
-6.50000E-03,+455.22144E-03,-2.14667E-03
-6.47500E-03,+454.97957E-03,-2.07381E-03
-6.45000E-03,+454.92307E-03,-2.10270E-03
-6.42500E-03,+455.06753E-03,-2.19441E-03
-6.40000E-03,+455.04868E-03,-2.20634E-03
-6.37500E-03,+455.06438E-03,-2.26916E-03
-6.35000E-03,+455.20571E-03,-2.33072E-03
-6.32500E-03,+455.20884E-03,-2.34014E-03
-6.30000E-03,+455.07381E-03,-2.38473E-03
-6.27500E-03,+455.39100E-03,-2.38411E-03
-6.25000E-03,+455.12718E-03,-2.45760E-03
-6.22500E-03,+454.97016E-03,-2.40295E-03
-6.20000E-03,+455.20256E-03,-2.39981E-03
-6.17500E-03,+455.00784E-03,-2.33260E-03
-6.15000E-03,+454.94818E-03,-2.29931E-03
-6.12500E-03,+454.87593E-03,-2.28486E-03
-6.10000E-03,+454.89479E-03,-2.23649E-03
-6.07500E-03,+454.61841E-03,-2.19064E-03
-6.05000E-03,+454.82570E-03,-2.24278E-03
-6.02500E-03,+454.50848E-03,-2.22582E-03
-6.00000E-03,+454.49905E-03,-2.22519E-03
-5.97500E-03,+454.55872E-03,-2.22205E-03
-5.95000E-03,+454.71575E-03,-2.24027E-03
-5.92500E-03,+454.64981E-03,-2.28486E-03
-5.90000E-03,+454.71577E-03,-2.32884E-03
-5.87500E-03,+454.71889E-03,-2.31627E-03
-5.85000E-03,+454.74402E-03,-2.33197E-03
-5.82500E-03,+454.86965E-03,-2.35458E-03
-5.80000E-03,+454.75657E-03,-2.34579E-03
-5.77500E-03,+454.73147E-03,-2.34830E-03
-5.75000E-03,+454.92306E-03,-2.36338E-03
-5.72500E-03,+454.37655E-03,-2.27921E-03
-5.70000E-03,+454.38284E-03,-2.26978E-03
-5.67500E-03,+454.60270E-03,-2.25408E-03
-5.65000E-03,+454.51162E-03,-2.30370E-03
-5.62500E-03,+454.57757E-03,-2.26916E-03
-5.60000E-03,+454.60585E-03,-2.24843E-03
-5.57500E-03,+454.15671E-03,-2.24780E-03
-5.55000E-03,+454.46137E-03,-2.26790E-03
-5.52500E-03,+454.44881E-03,-2.28926E-03
-5.50000E-03,+454.57755E-03,-2.29114E-03
-5.47500E-03,+454.20385E-03,-2.29994E-03
-5.45000E-03,+454.40170E-03,-2.30622E-03
-5.42500E-03,+454.33261E-03,-2.31627E-03
-5.40000E-03,+454.11589E-03,-2.32884E-03
-5.37500E-03,+454.16929E-03,-2.29743E-03
-5.35000E-03,+454.06564E-03,-2.32004E-03
-5.32500E-03,+454.04052E-03,-2.34768E-03
-5.30000E-03,+454.34830E-03,-2.38725E-03
-5.27500E-03,+454.16299E-03,-2.30057E-03
-5.25000E-03,+454.29490E-03,-2.32255E-03
-5.22500E-03,+454.32630E-03,-2.27419E-03
-5.20000E-03,+454.48962E-03,-2.25094E-03
-5.17500E-03,+454.03737E-03,-2.25723E-03
-5.15000E-03,+454.18812E-03,-2.27041E-03
-5.12500E-03,+453.96513E-03,-2.33512E-03
-5.10000E-03,+454.04994E-03,-2.28612E-03
-5.07500E-03,+453.95256E-03,-2.27670E-03
-5.05000E-03,+454.07821E-03,-2.27481E-03
-5.02500E-03,+454.17242E-03,-2.30057E-03
-5.00000E-03,+453.94943E-03,-2.31627E-03
-4.97500E-03,-560.63809E-03,-23.47279E-03
-4.95000E-03,-563.47201E-03,-73.51790E-03
-4.92500E-03,-546.79786E-03,-110.53841E-03
-4.90000E-03,-537.08377E-03,-130.96340E-03
-4.87500E-03,-535.98466E-03,-133.00397E-03
-4.85000E-03,-543.30264E-03,-118.06028E-03
-4.82500E-03,-559.14128E-03,-89.92511E-03
-4.80000E-03,-578.55713E-03,-53.21773E-03
-4.77500E-03,-599.37372E-03,-13.41120E-03
-4.75000E-03,-619.35481E-03,+23.44741E-03
-4.72500E-03,-634.89184E-03,+54.47115E-03
-4.70000E-03,-645.28432E-03,+75.49611E-03
-4.67500E-03,-650.01731E-03,+84.82512E-03
-4.65000E-03,-648.20500E-03,+81.51779E-03
-4.62500E-03,-641.77907E-03,+67.74629E-03
-4.60000E-03,-630.69863E-03,+46.39507E-03
-4.57500E-03,-618.44358E-03,+20.78574E-03
-4.55000E-03,-604.41721E-03,-4.86561E-03
-4.52500E-03,-591.24199E-03,-28.22106E-03
-4.50000E-03,-582.18427E-03,-46.55955E-03
-4.47500E-03,-576.66923E-03,-57.36912E-03
-4.45000E-03,-575.21514E-03,-60.10394E-03
-4.42500E-03,-577.98844E-03,-55.17106E-03
-4.40000E-03,-583.44071E-03,-43.84311E-03
-4.37500E-03,-591.27683E-03,-28.06979E-03
-4.35000E-03,-601.33021E-03,-10.61065E-03
-4.32500E-03,-610.54503E-03,+5.80641E-03
-4.30000E-03,-618.62915E-03,+20.10474E-03
-4.27500E-03,-623.43753E-03,+30.34085E-03
-4.25000E-03,-625.58890E-03,+35.28740E-03
-4.22500E-03,-625.49463E-03,+34.94877E-03
-4.20000E-03,-623.38721E-03,+29.86581E-03
-4.17500E-03,-619.41104E-03,+21.00082E-03
-4.15000E-03,-613.06050E-03,+9.88711E-03
-4.12500E-03,-606.58754E-03,-1.44329E-03
-4.10000E-03,-601.11961E-03,-11.80823E-03
-4.07500E-03,-596.51532E-03,-20.39236E-03
-4.05000E-03,-593.14537E-03,-25.75979E-03
-4.02500E-03,-592.15922E-03,-27.55622E-03
-4.00000E-03,-593.01977E-03,-25.98457E-03
-3.97500E-03,-595.99405E-03,-21.52788E-03
-3.95000E-03,-599.45828E-03,-14.82121E-03
-3.92500E-03,-603.57888E-03,-7.29922E-03
-3.90000E-03,-607.56757E-03,-9.00E-06
-3.87500E-03,-611.12598E-03,+6.33959E-03
-3.85000E-03,-614.24154E-03,+11.09145E-03
-3.82500E-03,-615.45697E-03,+13.71138E-03
-3.80000E-03,-615.69879E-03,+14.09138E-03
-3.77500E-03,-614.74400E-03,+12.27477E-03
-3.75000E-03,-612.63344E-03,+8.73895E-03
-3.72500E-03,-609.91987E-03,+3.98203E-03
-3.70000E-03,-606.94247E-03,-936.94E-06
-3.67500E-03,-604.84449E-03,-5.55126E-03
-3.65000E-03,-602.59891E-03,-9.38793E-03
-3.62500E-03,-601.07566E-03,-12.03677E-03
-3.60000E-03,-600.39102E-03,-13.18625E-03
-3.57500E-03,-600.36589E-03,-12.85018E-03
-3.55000E-03,-601.63161E-03,-11.17176E-03
-3.52500E-03,-602.91615E-03,-8.52916E-03
-3.50000E-03,-604.90738E-03,-5.32502E-03
-3.47500E-03,-606.56565E-03,-2.08946E-03
-3.45000E-03,-607.83452E-03,+878.49E-06
-3.42500E-03,-609.46138E-03,+3.21705E-03
-3.40000E-03,-610.29679E-03,+4.55686E-03
-3.37500E-03,-610.52921E-03,+4.87280E-03
-3.35000E-03,-610.29677E-03,+4.27668E-03
-3.32500E-03,-609.30431E-03,+2.90732E-03
-3.30000E-03,-608.18936E-03,+986.46E-06
-3.27500E-03,-607.07441E-03,-1.18062E-03
-3.25000E-03,-605.83384E-03,-3.25537E-03
-3.22500E-03,-604.88849E-03,-5.06880E-03
-3.20000E-03,-604.11588E-03,-6.33952E-03
-3.17500E-03,-603.89289E-03,-7.00094E-03
-3.15000E-03,-603.90234E-03,-6.97581E-03
-3.12500E-03,-604.46764E-03,-6.35206E-03
-3.10000E-03,-604.74087E-03,-5.27982E-03
-3.07500E-03,-605.52295E-03,-3.89225E-03
-3.05000E-03,-606.27985E-03,-2.46010E-03
-3.02500E-03,-606.90798E-03,-1.11525E-03
-3.00000E-03,-607.63976E-03,-149.17E-06
-2.97500E-03,-608.00094E-03,+610.25E-06
-2.95000E-03,-608.14855E-03,+814.38E-06
-2.92500E-03,-607.92242E-03,+652.94E-06
-2.90000E-03,-607.59892E-03,+101.44E-06
-2.87500E-03,-607.20004E-03,-717.66E-06
-2.85000E-03,-606.72581E-03,-1.67747E-03
-2.82500E-03,-605.91239E-03,-2.56816E-03
-2.80000E-03,-605.63285E-03,-3.41741E-03
-2.77500E-03,-605.15230E-03,-3.98901E-03
-2.75000E-03,-605.01729E-03,-4.30747E-03
-2.72500E-03,-605.22768E-03,-4.38787E-03
-2.70000E-03,-605.20884E-03,-4.17430E-03
-2.67500E-03,-605.41928E-03,-3.75407E-03
-2.65000E-03,-605.57630E-03,-3.16865E-03
-2.62500E-03,-606.08512E-03,-2.50156E-03
-2.60000E-03,-606.47457E-03,-1.89603E-03
-2.57500E-03,-606.75092E-03,-1.36149E-03
-2.55000E-03,-606.90169E-03,-1.12405E-03
-2.52500E-03,-607.20319E-03,-939.39E-06
-2.50000E-03,-607.05871E-03,-1.01287E-03
-2.47500E-03,-606.66614E-03,-1.19127E-03
-2.45000E-03,-606.38034E-03,-1.53801E-03
-2.42500E-03,-606.42743E-03,-1.90296E-03
-2.40000E-03,-606.00973E-03,-2.32444E-03
-2.37500E-03,-605.86525E-03,-2.72142E-03
-2.35000E-03,-605.73336E-03,-3.02356E-03
-2.32500E-03,-605.63599E-03,-3.20572E-03
-2.30000E-03,-605.64541E-03,-3.22707E-03
-2.27500E-03,-605.57632E-03,-3.14478E-03
-2.25000E-03,-605.81814E-03,-2.95383E-03
-2.22500E-03,-605.94063E-03,-2.67745E-03
-2.20000E-03,-606.26098E-03,-2.42116E-03
-2.17500E-03,-606.20131E-03,-2.19441E-03
-2.15000E-03,-606.31123E-03,-1.95509E-03
-2.12500E-03,-606.19501E-03,-1.79491E-03
-2.10000E-03,-606.58762E-03,-1.70886E-03
-2.07500E-03,-606.45257E-03,-1.69692E-03
-2.05000E-03,-606.49025E-03,-1.77607E-03
-2.02500E-03,-606.20130E-03,-1.89039E-03
-2.00000E-03,-605.91236E-03,-2.04931E-03
-1.97500E-03,-605.75219E-03,-2.28926E-03
-1.95000E-03,-605.80244E-03,-2.48084E-03
-1.92500E-03,-606.11964E-03,-2.58385E-03
-1.90000E-03,-605.88096E-03,-2.74591E-03
-1.87500E-03,-605.88095E-03,-2.75597E-03
-1.85000E-03,-605.53861E-03,-2.70132E-03
-1.82500E-03,-605.85584E-03,-2.58825E-03
-1.80000E-03,-605.84328E-03,-2.55182E-03
-1.77500E-03,-605.71763E-03,-2.38096E-03
-1.75000E-03,-606.11649E-03,-2.26916E-03
-1.72500E-03,-605.72078E-03,-2.15860E-03
-1.70000E-03,-605.90921E-03,-2.09202E-03
-1.67500E-03,-605.82442E-03,-2.03549E-03
-1.65000E-03,-606.01288E-03,-2.04931E-03
-1.62500E-03,-605.99089E-03,-2.05245E-03
-1.60000E-03,-605.72393E-03,-2.13160E-03
-1.57500E-03,-605.69878E-03,-2.24843E-03
-1.55000E-03,-605.79617E-03,-2.29303E-03
-1.52500E-03,-605.34702E-03,-2.32757E-03
-1.50000E-03,-605.42555E-03,-2.42619E-03
-1.47500E-03,-605.52293E-03,-2.44001E-03
-1.45000E-03,-605.44439E-03,-2.44818E-03
-1.42500E-03,-605.64541E-03,-2.47330E-03
-1.40000E-03,-605.48837E-03,-2.45885E-03
-1.37500E-03,-605.56689E-03,-2.42934E-03
-1.35000E-03,-605.58888E-03,-2.34893E-03
-1.32500E-03,-605.64228E-03,-2.29177E-03
-1.30000E-03,-605.38473E-03,-2.21137E-03
-1.27500E-03,-605.51351E-03,-2.16175E-03
-1.25000E-03,-605.40985E-03,-2.15924E-03
-1.22500E-03,-605.62029E-03,-2.19064E-03
-1.20000E-03,-605.38158E-03,-2.18499E-03
-1.17500E-03,-605.52921E-03,-2.20508E-03
-1.15000E-03,-605.38158E-03,-2.25785E-03
-1.12500E-03,-605.53547E-03,-2.27858E-03
-1.10000E-03,-605.17745E-03,-2.26979E-03
-1.07500E-03,-605.25282E-03,-2.32192E-03
-1.05000E-03,-605.53551E-03,-2.36086E-03
-1.02500E-03,-605.37531E-03,-2.35647E-03
-1.00000E-03,-605.26854E-03,-2.36338E-03
-975.00E-06,-605.36904E-03,-2.32820E-03
-950.00E-06,-605.31877E-03,-2.32946E-03
-925.00E-06,-605.15547E-03,-2.30057E-03
-900.00E-06,-605.15230E-03,-2.28423E-03
-875.00E-06,-605.14288E-03,-2.24717E-03
-850.00E-06,-605.42868E-03,-2.28674E-03
-825.00E-06,-605.18374E-03,-2.22143E-03
-800.00E-06,-605.16488E-03,-2.21200E-03
-775.00E-06,-605.16803E-03,-2.23901E-03
-750.00E-06,-605.36276E-03,-2.28801E-03
-725.00E-06,-605.01727E-03,-2.34642E-03
-700.00E-06,-605.13035E-03,-2.30873E-03
-675.00E-06,-605.06753E-03,-2.32192E-03
-650.00E-06,-605.02983E-03,-2.33449E-03
-625.00E-06,-604.78171E-03,-2.34768E-03
-600.00E-06,-605.01727E-03,-2.31878E-03
-575.00E-06,-605.12406E-03,-2.34328E-03
-550.00E-06,-605.02357E-03,-2.32444E-03
-525.00E-06,-605.26850E-03,-2.35333E-03
-500.00E-06,-605.04868E-03,-2.34768E-03
-475.00E-06,-604.86967E-03,-2.28486E-03
-450.00E-06,-604.99843E-03,-2.30433E-03
-425.00E-06,-604.95133E-03,-2.32570E-03
-400.00E-06,-605.00784E-03,-2.26727E-03
-375.00E-06,-604.86023E-03,-2.26915E-03
-350.00E-06,-604.97645E-03,-2.28109E-03
-325.00E-06,-605.17430E-03,-2.27042E-03
-300.00E-06,-604.74713E-03,-2.31752E-03
-275.00E-06,-605.03611E-03,-2.28486E-03
-250.00E-06,-605.11150E-03,-2.29428E-03
-225.00E-06,-604.93875E-03,-2.30559E-03
-200.00E-06,-604.86023E-03,-2.29617E-03
-175.00E-06,-604.73148E-03,-2.31438E-03
-150.00E-06,-604.93561E-03,-2.35899E-03
-125.00E-06,-604.82883E-03,-2.32569E-03
-100.00E-06,-604.65921E-03,-2.33762E-03
-75.00E-06,-604.62155E-03,-2.30873E-03
-50.00E-06,-605.01414E-03,-2.33197E-03
-25.00E-06,-604.86023E-03,-2.30308E-03
+0.0E+00,+442.48570E-03,+9.32100E-03
+25.00E-06,+420.23357E-03,+63.70780E-03
+50.00E-06,+399.47679E-03,+102.91293E-03
+75.00E-06,+387.56111E-03,+125.02818E-03
+100.00E-06,+385.26543E-03,+129.18049E-03
+125.00E-06,+392.10921E-03,+116.10044E-03
+150.00E-06,+405.85928E-03,+89.35840E-03
+175.00E-06,+424.96421E-03,+53.09763E-03
+200.00E-06,+446.20794E-03,+13.28228E-03
+225.00E-06,+466.81406E-03,-24.13913E-03
+250.00E-06,+482.95405E-03,-56.16410E-03
+275.00E-06,+494.73788E-03,-78.33979E-03
+300.00E-06,+499.99217E-03,-88.89987E-03
+325.00E-06,+499.07501E-03,-87.16791E-03
+350.00E-06,+492.51396E-03,-74.62377E-03
+375.00E-06,+482.04282E-03,-53.90505E-03
+400.00E-06,+468.93663E-03,-28.50551E-03
+425.00E-06,+455.67968E-03,-2.47162E-03
+450.00E-06,+442.30352E-03,+21.14076E-03
+475.00E-06,+432.59879E-03,+40.00433E-03
+500.00E-06,+425.91858E-03,+51.94893E-03
+525.00E-06,+423.84893E-03,+55.64667E-03
+550.00E-06,+426.00668E-03,+51.55862E-03
+575.00E-06,+431.93950E-03,+40.79219E-03
+600.00E-06,+440.39115E-03,+25.58172E-03
+625.00E-06,+449.47412E-03,+8.01635E-03
+650.00E-06,+459.01235E-03,-8.53196E-03
+675.00E-06,+466.61601E-03,-23.34474E-03
+700.00E-06,+472.70265E-03,-34.13298E-03
+725.00E-06,+475.64856E-03,-39.88227E-03
+750.00E-06,+475.82439E-03,-40.17741E-03
+775.00E-06,+473.30867E-03,-35.52156E-03
+800.00E-06,+468.69496E-03,-26.94929E-03
+825.00E-06,+462.84695E-03,-16.02966E-03
+850.00E-06,+457.10887E-03,-4.51334E-03
+875.00E-06,+451.09128E-03,+6.00675E-03
+900.00E-06,+446.04736E-03,+14.78686E-03
+925.00E-06,+443.14852E-03,+20.65112E-03
+950.00E-06,+441.88910E-03,+22.97897E-03
+975.00E-06,+442.58638E-03,+21.76284E-03
+1.00000E-03,+444.65298E-03,+17.45752E-03
+1.02500E-03,+448.08266E-03,+11.04606E-03
+1.05000E-03,+452.49536E-03,+3.58249E-03
+1.07500E-03,+456.92057E-03,-3.72907E-03
+1.10000E-03,+460.35965E-03,-10.36349E-03
+1.12500E-03,+463.05755E-03,-15.36597E-03
+1.15000E-03,+464.28549E-03,-18.27611E-03
+1.17500E-03,+464.78799E-03,-18.95005E-03
+1.20000E-03,+463.47831E-03,-17.33821E-03
+1.22500E-03,+462.17175E-03,-13.84195E-03
+1.25000E-03,+459.60267E-03,-9.36705E-03
+1.27500E-03,+456.76972E-03,-4.18113E-03
+1.30000E-03,+454.27915E-03,+468.35E-06
+1.32500E-03,+451.97074E-03,+4.42437E-03
+1.35000E-03,+450.29676E-03,+7.19382E-03
+1.37500E-03,+449.48966E-03,+8.54429E-03
+1.40000E-03,+449.78485E-03,+8.31876E-03
+1.42500E-03,+450.39730E-03,+6.77100E-03
+1.45000E-03,+452.11214E-03,+4.21822E-03
+1.47500E-03,+454.01227E-03,+1.08380E-03
+1.50000E-03,+455.78677E-03,-2.19698E-03
+1.52500E-03,+457.31945E-03,-5.13479E-03
+1.55000E-03,+458.75786E-03,-7.52673E-03
+1.57500E-03,+459.64983E-03,-9.04870E-03
+1.60000E-03,+459.75657E-03,-9.52795E-03
+1.62500E-03,+459.44566E-03,-9.04992E-03
+1.65000E-03,+459.05307E-03,-7.69564E-03
+1.67500E-03,+457.86587E-03,-5.81937E-03
+1.70000E-03,+456.71950E-03,-3.67553E-03
+1.72500E-03,+455.29364E-03,-1.60958E-03
+1.75000E-03,+454.48333E-03,+259.13E-06
+1.77500E-03,+453.66989E-03,+1.62910E-03
+1.80000E-03,+453.16738E-03,+2.37595E-03
+1.82500E-03,+453.40293E-03,+2.41677E-03
+1.85000E-03,+453.54427E-03,+1.85457E-03
+1.87500E-03,+454.10648E-03,+808.71E-06
+1.90000E-03,+454.80057E-03,-491.54E-06
+1.92500E-03,+455.59514E-03,-1.96579E-03
+1.95000E-03,+456.51228E-03,-3.30436E-03
+1.97500E-03,+457.21890E-03,-4.40548E-03
+2.00000E-03,+457.41991E-03,-5.20258E-03
+2.02500E-03,+457.56124E-03,-5.44001E-03
+2.05000E-03,+457.80939E-03,-5.32317E-03
+2.07500E-03,+457.25657E-03,-4.74465E-03
+2.10000E-03,+457.05559E-03,-4.01097E-03
+2.12500E-03,+456.46199E-03,-3.03862E-03
+2.15000E-03,+455.57945E-03,-2.12216E-03
+2.17500E-03,+455.18685E-03,-1.25156E-03
+2.20000E-03,+454.75343E-03,-657.97E-06
+2.22500E-03,+454.45821E-03,-267.28E-06
+2.25000E-03,+454.65609E-03,-168.02E-06
+2.27500E-03,+454.64668E-03,-405.47E-06
+2.30000E-03,+454.72206E-03,-866.53E-06
+2.32500E-03,+455.07696E-03,-1.40673E-03
+2.35000E-03,+455.66114E-03,-2.07131E-03
+2.37500E-03,+455.55118E-03,-2.64291E-03
+2.40000E-03,+456.01915E-03,-3.11653E-03
+2.42500E-03,+456.34578E-03,-3.51540E-03
+2.45000E-03,+456.51538E-03,-3.66677E-03
+2.47500E-03,+456.36780E-03,-3.63034E-03
+2.50000E-03,+456.30496E-03,-3.44692E-03
+2.52500E-03,+456.21388E-03,-3.10834E-03
+2.55000E-03,+455.91237E-03,-2.72393E-03
+2.57500E-03,+455.55116E-03,-2.29051E-03
+2.60000E-03,+455.20571E-03,-1.92430E-03
+2.62500E-03,+454.76600E-03,-1.65358E-03
+2.65000E-03,+454.97016E-03,-1.45069E-03
+2.67500E-03,+455.16804E-03,-1.38159E-03
+2.70000E-03,+454.99214E-03,-1.40986E-03
+2.72500E-03,+455.03300E-03,-1.57695E-03
+2.75000E-03,+455.20574E-03,-1.83889E-03
+2.77500E-03,+455.32505E-03,-2.06753E-03
+2.80000E-03,+455.51349E-03,-2.38411E-03
+2.82500E-03,+455.37530E-03,-2.61338E-03
+2.85000E-03,+455.69566E-03,-2.77670E-03
+2.87500E-03,+455.61399E-03,-2.85962E-03
+2.90000E-03,+455.84326E-03,-2.90986E-03
+2.92500E-03,+455.68936E-03,-2.85521E-03
+2.95000E-03,+455.73648E-03,-2.67368E-03
+2.97500E-03,+455.21198E-03,-2.50534E-03
+3.00000E-03,+455.33135E-03,-2.35395E-03
+3.02500E-03,+454.93243E-03,-2.16049E-03
+3.05000E-03,+454.97329E-03,-2.04931E-03
+3.07500E-03,+454.89164E-03,-1.93876E-03
+3.10000E-03,+454.77231E-03,-1.92368E-03
+3.12500E-03,+455.04868E-03,-1.92368E-03
+3.15000E-03,+454.87591E-03,-2.01288E-03
+3.17500E-03,+455.23399E-03,-2.04428E-03
+3.20000E-03,+455.16803E-03,-2.22331E-03
+3.22500E-03,+455.02040E-03,-2.32444E-03
+3.25000E-03,+455.29994E-03,-2.43876E-03
+3.27500E-03,+455.20257E-03,-2.52293E-03
+3.30000E-03,+455.17428E-03,-2.57946E-03
+3.32500E-03,+455.06126E-03,-2.56125E-03
+3.35000E-03,+455.34707E-03,-2.53612E-03
+3.37500E-03,+455.11147E-03,-2.50784E-03
+3.40000E-03,+455.18998E-03,-2.43875E-03
+3.42500E-03,+454.97016E-03,-2.22959E-03
+3.45000E-03,+455.05495E-03,-2.25597E-03
+3.47500E-03,+454.71260E-03,-2.19441E-03
+3.50000E-03,+454.98587E-03,-2.13096E-03
+3.52500E-03,+454.77857E-03,-2.10521E-03
+3.55000E-03,+454.85710E-03,-2.12281E-03
+3.57500E-03,+454.69380E-03,-2.17117E-03
+3.60000E-03,+454.66863E-03,-2.17368E-03
+3.62500E-03,+455.17429E-03,-2.22205E-03
+3.65000E-03,+455.33449E-03,-2.29617E-03
+3.67500E-03,+454.97016E-03,-2.32443E-03
+3.70000E-03,+454.97016E-03,-2.37406E-03
+3.72500E-03,+454.92935E-03,-2.42368E-03
+3.75000E-03,+455.20569E-03,-2.37909E-03
+3.77500E-03,+455.44444E-03,-2.37908E-03
+3.80000E-03,+455.07380E-03,-2.39981E-03
+3.82500E-03,+454.84765E-03,-2.33951E-03
+3.85000E-03,+454.74090E-03,-2.28738E-03
+3.87500E-03,+454.90732E-03,-2.27230E-03
+3.90000E-03,+454.65923E-03,-2.23775E-03
+3.92500E-03,+454.37027E-03,-2.24969E-03
+3.95000E-03,+454.59955E-03,-2.23587E-03
+3.97500E-03,+454.56814E-03,-2.20823E-03
+4.00000E-03,+454.75030E-03,-2.18751E-03
+4.02500E-03,+454.67494E-03,-2.22959E-03
+4.05000E-03,+454.95130E-03,-2.29679E-03
+4.07500E-03,+454.67492E-03,-2.31376E-03
+4.10000E-03,+454.83513E-03,-2.35961E-03
+4.12500E-03,+454.62466E-03,-2.35710E-03
+4.15000E-03,+454.69064E-03,-2.36338E-03
+4.17500E-03,+454.59956E-03,-2.38159E-03
+4.20000E-03,+454.86336E-03,-2.33574E-03
+4.22500E-03,+454.73461E-03,-2.36275E-03
+4.25000E-03,+454.56187E-03,-2.30370E-03
+4.27500E-03,+454.76287E-03,-2.32883E-03
+4.30000E-03,+454.66235E-03,-2.27732E-03
+4.32500E-03,+454.28863E-03,-2.24340E-03
+4.35000E-03,+454.40486E-03,-2.27419E-03
+4.37500E-03,+454.42055E-03,-2.28486E-03
+4.40000E-03,+454.59013E-03,-2.30371E-03
+4.42500E-03,+454.47393E-03,-2.28676E-03
+4.45000E-03,+454.53358E-03,-2.28360E-03
+4.47500E-03,+454.58387E-03,-2.25659E-03
+4.50000E-03,+454.35773E-03,-2.30685E-03
+4.52500E-03,+454.40480E-03,-2.28612E-03
+4.55000E-03,+454.42054E-03,-2.31815E-03
+4.57500E-03,+454.57757E-03,-2.32758E-03
+4.60000E-03,+454.35145E-03,-2.28486E-03
+4.62500E-03,+454.48336E-03,-2.31313E-03
+4.65000E-03,+454.45824E-03,-2.31627E-03
+4.67500E-03,+454.55871E-03,-2.31753E-03
+4.70000E-03,+454.40798E-03,-2.33323E-03
+4.72500E-03,+454.49905E-03,-2.34391E-03
+4.75000E-03,+454.45194E-03,-2.34140E-03
+4.77500E-03,+454.33261E-03,-2.29680E-03
+4.80000E-03,+454.33892E-03,-2.28737E-03
+4.82500E-03,+454.25407E-03,-2.26100E-03
+4.85000E-03,+454.33575E-03,-2.23963E-03
+4.87500E-03,+453.98080E-03,-2.29429E-03
+4.90000E-03,+454.29176E-03,-2.30496E-03
+4.92500E-03,+454.34515E-03,-2.29303E-03
+4.95000E-03,+454.18811E-03,-2.32130E-03
+4.97500E-03,+454.11903E-03,-2.25597E-03
+5.00000E-03,+307.42938E-03,-4.49926E-03
+5.02500E-03,+173.54119E-03,-17.82598E-03
+5.05000E-03,-575.40939E-03,-58.07921E-03
+5.07500E-03,-554.39190E-03,-98.85591E-03
+5.10000E-03,-540.85566E-03,-123.81848E-03
+5.12500E-03,-536.89542E-03,-131.16043E-03
+5.15000E-03,-541.85481E-03,-121.39815E-03
+5.17500E-03,-554.41457E-03,-97.19695E-03
+5.20000E-03,-572.74379E-03,-63.40156E-03
+5.22500E-03,-593.06416E-03,-24.97751E-03
+5.25000E-03,-613.30913E-03,+12.59965E-03
+5.27500E-03,-629.87305E-03,+44.94436E-03
+5.30000E-03,-641.95840E-03,+68.64389E-03
+5.32500E-03,-648.12663E-03,+81.48476E-03
+5.35000E-03,-648.35265E-03,+81.62081E-03
+5.37500E-03,-643.09815E-03,+71.05653E-03
+5.40000E-03,-633.81411E-03,+52.06642E-03
+5.42500E-03,-621.43660E-03,+27.98031E-03
+5.45000E-03,-608.20791E-03,+2.40808E-03
+5.47500E-03,-595.69234E-03,-21.22748E-03
+5.50000E-03,-584.80671E-03,-40.82788E-03
+5.52500E-03,-578.53790E-03,-53.77812E-03
+5.55000E-03,-575.88411E-03,-58.77357E-03
+5.57500E-03,-577.02426E-03,-56.11013E-03
+5.60000E-03,-581.92068E-03,-46.70926E-03
+5.62500E-03,-589.39243E-03,-32.41957E-03
+5.65000E-03,-598.28064E-03,-15.61809E-03
+5.67500E-03,-607.61165E-03,+1.10111E-03
+5.70000E-03,-615.92821E-03,+15.74427E-03
+5.72500E-03,-621.84523E-03,+27.10348E-03
+5.75000E-03,-624.61530E-03,+33.50038E-03
+5.77500E-03,-625.48833E-03,+34.71071E-03
+5.80000E-03,-623.72010E-03,+31.02346E-03
+5.82500E-03,-620.12084E-03,+23.31045E-03
+5.85000E-03,-614.78160E-03,+12.97939E-03
+5.87500E-03,-608.40913E-03,+1.76959E-03
+5.90000E-03,-602.57684E-03,-8.75866E-03
+5.92500E-03,-597.65226E-03,-17.71151E-03
+5.95000E-03,-593.93052E-03,-23.89801E-03
+5.97500E-03,-592.49213E-03,-26.82132E-03
+6.00000E-03,-592.89419E-03,-26.25468E-03
+6.02500E-03,-594.86027E-03,-22.59445E-03
+6.05000E-03,-598.11407E-03,-16.67418E-03
+6.07500E-03,-602.35400E-03,-9.43296E-03
+6.10000E-03,-606.45581E-03,-2.09815E-03
+6.12500E-03,-610.07388E-03,+4.43010E-03
+6.15000E-03,-612.87850E-03,+9.60029E-03
+6.17500E-03,-614.97961E-03,+12.86468E-03
+6.20000E-03,-615.48836E-03,+13.78109E-03
+6.22500E-03,-614.80683E-03,+12.66421E-03
+6.25000E-03,-612.86899E-03,+9.66543E-03
+6.27500E-03,-610.70503E-03,+5.25210E-03
+6.30000E-03,-607.83442E-03,+428.60E-06
+6.32500E-03,-605.32188E-03,-4.21021E-03
+6.35000E-03,-603.09197E-03,-8.23029E-03
+6.37500E-03,-601.32694E-03,-11.24219E-03
+6.40000E-03,-600.54176E-03,-12.84329E-03
+6.42500E-03,-600.61087E-03,-12.87028E-03
+6.45000E-03,-601.30496E-03,-11.53733E-03
+6.47500E-03,-602.64607E-03,-9.21885E-03
+6.50000E-03,-604.20071E-03,-6.18869E-03
+6.52500E-03,-605.89669E-03,-2.96445E-03
+6.55000E-03,-607.50161E-03,-24.75E-06
+6.57500E-03,-608.85835E-03,+2.44132E-03
+6.60000E-03,-609.72832E-03,+4.09393E-03
+6.62500E-03,-610.27795E-03,+4.70320E-03
+6.65000E-03,-610.02666E-03,+4.37593E-03
+6.67500E-03,-609.67489E-03,+3.25656E-03
+6.70000E-03,-608.28672E-03,+1.48080E-03
+6.72500E-03,-607.14665E-03,-553.12E-06
+6.75000E-03,-606.05369E-03,-2.67749E-03
+6.77500E-03,-604.68746E-03,-4.49469E-03
+6.80000E-03,-604.27291E-03,-5.97647E-03
+6.82500E-03,-603.65109E-03,-6.76352E-03
+6.85000E-03,-603.70761E-03,-6.96200E-03
+6.87500E-03,-604.07504E-03,-6.55620E-03
+6.90000E-03,-604.53361E-03,-5.58886E-03
+6.92500E-03,-605.12090E-03,-4.31687E-03
+6.95000E-03,-605.96894E-03,-2.89036E-03
+6.97500E-03,-606.77923E-03,-1.53924E-03
+7.00000E-03,-607.57693E-03,-372.16E-06
+7.02500E-03,-607.54871E-03,+389.14E-06
+7.05000E-03,-607.94125E-03,+771.67E-06
+7.07500E-03,-607.92242E-03,+666.76E-06
+7.10000E-03,-607.73708E-03,+265.38E-06
+7.12500E-03,-607.27856E-03,-482.11E-06
+7.15000E-03,-606.84825E-03,-1.34832E-03
+7.17500E-03,-606.19503E-03,-2.28676E-03
+7.20000E-03,-605.44123E-03,-3.05874E-03
+7.22500E-03,-605.44753E-03,-3.77733E-03
+7.25000E-03,-605.23714E-03,-4.21012E-03
+7.27500E-03,-604.91993E-03,-4.33826E-03
+7.30000E-03,-605.37842E-03,-4.19378E-03
+7.32500E-03,-605.14293E-03,-3.79679E-03
+7.35000E-03,-605.78677E-03,-3.30935E-03
+7.37500E-03,-606.02233E-03,-2.66173E-03
+7.40000E-03,-606.08825E-03,-2.05872E-03
+7.42500E-03,-606.26729E-03,-1.53360E-03
+7.45000E-03,-606.82317E-03,-1.18184E-03
+7.47500E-03,-606.83574E-03,-976.44E-06
+7.50000E-03,-606.90170E-03,-934.36E-06
+7.52500E-03,-606.75721E-03,-1.11024E-03
+7.55000E-03,-606.40231E-03,-1.42243E-03
+7.57500E-03,-606.31123E-03,-1.81565E-03
+7.60000E-03,-605.90923E-03,-2.21891E-03
+7.62500E-03,-605.77106E-03,-2.58323E-03
+7.65000E-03,-605.56689E-03,-2.86778E-03
+7.67500E-03,-605.51662E-03,-3.09768E-03
+7.70000E-03,-605.65799E-03,-3.15986E-03
+7.72500E-03,-605.76790E-03,-3.10835E-03
+7.75000E-03,-605.72393E-03,-2.99465E-03
+7.77500E-03,-605.58886E-03,-2.76852E-03
+7.80000E-03,-605.71764E-03,-2.52732E-03
+7.82500E-03,-605.89979E-03,-2.21136E-03
+7.85000E-03,-605.95948E-03,-1.99340E-03
+7.87500E-03,-606.32067E-03,-1.82318E-03
+7.90000E-03,-606.27355E-03,-1.69692E-03
+7.92500E-03,-606.02545E-03,-1.66552E-03
+7.95000E-03,-606.22641E-03,-1.72519E-03
+7.97500E-03,-605.96261E-03,-1.81564E-03
+8.00000E-03,-605.89666E-03,-2.02418E-03
+8.02500E-03,-605.93122E-03,-2.20634E-03
+8.05000E-03,-605.84327E-03,-2.38537E-03
+8.07500E-03,-605.56689E-03,-2.51414E-03
+8.10000E-03,-605.55432E-03,-2.60145E-03
+8.12500E-03,-605.48838E-03,-2.64605E-03
+8.15000E-03,-605.34389E-03,-2.64353E-03
+8.17500E-03,-605.38790E-03,-2.59893E-03
+8.20000E-03,-605.59511E-03,-2.48964E-03
+8.22500E-03,-605.75220E-03,-2.43624E-03
+8.25000E-03,-605.86525E-03,-2.31312E-03
+8.27500E-03,-605.80244E-03,-2.19001E-03
+8.30000E-03,-605.58572E-03,-2.06061E-03
+8.32500E-03,-605.95948E-03,-1.99529E-03
+8.35000E-03,-605.88096E-03,-2.01288E-03
+8.37500E-03,-605.70824E-03,-2.02734E-03
+8.40000E-03,-605.86211E-03,-2.06501E-03
+8.42500E-03,-605.78987E-03,-2.14479E-03
+8.45000E-03,-605.85586E-03,-2.20634E-03
+8.47500E-03,-605.62340E-03,-2.37218E-03
+8.50000E-03,-605.42554E-03,-2.36652E-03
+8.52500E-03,-605.60144E-03,-2.45069E-03
+8.55000E-03,-605.54490E-03,-2.45760E-03
+8.57500E-03,-605.57632E-03,-2.47330E-03
+8.60000E-03,-605.55749E-03,-2.39541E-03
+8.62500E-03,-605.55119E-03,-2.38536E-03
+8.65000E-03,-605.31560E-03,-2.34328E-03
+8.67500E-03,-605.51981E-03,-2.31502E-03
+8.70000E-03,-605.74906E-03,-2.24718E-03
+8.72500E-03,-605.60770E-03,-2.19567E-03
+8.75000E-03,-605.48838E-03,-2.23775E-03
+8.77500E-03,-605.63285E-03,-2.20383E-03
+8.80000E-03,-605.53861E-03,-2.15358E-03
+8.82500E-03,-605.53867E-03,-2.15233E-03
+8.85000E-03,-605.68935E-03,-2.24215E-03
+8.87500E-03,-605.51979E-03,-2.24090E-03
+8.90000E-03,-605.33448E-03,-2.27168E-03
+8.92500E-03,-605.46954E-03,-2.34956E-03
+8.95000E-03,-605.18370E-03,-2.34076E-03
+8.97500E-03,-605.44440E-03,-2.34768E-03
+9.00000E-03,-605.17430E-03,-2.41049E-03
+9.02500E-03,-604.95449E-03,-2.39541E-03
+9.05000E-03,-605.26540E-03,-2.39227E-03
+9.07500E-03,-605.31879E-03,-2.33072E-03
+9.10000E-03,-605.29366E-03,-2.29303E-03
+9.12500E-03,-605.22142E-03,-2.30370E-03
+9.15000E-03,-605.30619E-03,-2.25345E-03
+9.17500E-03,-605.03926E-03,-2.23524E-03
+9.20000E-03,-605.07693E-03,-2.17682E-03
+9.22500E-03,-605.17430E-03,-2.25471E-03
+9.25000E-03,-605.34703E-03,-2.26602E-03
+9.27500E-03,-605.33134E-03,-2.29491E-03
+9.30000E-03,-605.21513E-03,-2.28424E-03
+9.32500E-03,-605.25594E-03,-2.27418E-03
+9.35000E-03,-605.20254E-03,-2.31375E-03
+9.37500E-03,-605.09577E-03,-2.31627E-03
+9.40000E-03,-605.08005E-03,-2.30559E-03
+9.42500E-03,-604.96387E-03,-2.32695E-03
+9.45000E-03,-605.29050E-03,-2.34768E-03
+9.47500E-03,-604.94505E-03,-2.31753E-03
+9.50000E-03,-605.17430E-03,-2.34454E-03
+9.52500E-03,-605.09264E-03,-2.30434E-03
+9.55000E-03,-605.09578E-03,-2.30057E-03
+9.57500E-03,-605.18689E-03,-2.24906E-03
+9.60000E-03,-604.92931E-03,-2.30245E-03
+9.62500E-03,-604.89165E-03,-2.28486E-03
+9.65000E-03,-605.08005E-03,-2.26916E-03
+9.67500E-03,-604.66241E-03,-2.23901E-03
+9.70000E-03,-604.79426E-03,-2.28612E-03
+9.72500E-03,-604.89791E-03,-2.28046E-03
+9.75000E-03,-604.86023E-03,-2.29429E-03
+9.77500E-03,-604.74716E-03,-2.32506E-03
+9.80000E-03,-604.87277E-03,-2.28926E-03
+9.82500E-03,-604.93875E-03,-2.34390E-03
+9.85000E-03,-604.85710E-03,-2.33072E-03
+9.87500E-03,-605.26855E-03,-2.30684E-03
+9.90000E-03,-603.50953E-03,-2.30057E-03
+9.92500E-03,-478.58519E-03,+2.43703E-03
+9.95000E-03,-435.85631E-03,+8.63743E-03
+9.97500E-03,-329.81002E-03,+18.72857E-03
+10.00000E-03,-294.55179E-03,+27.45784E-03
+10.02500E-03,+423.66642E-03,+56.54843E-03
+10.05000E-03,+405.99364E-03,+90.58642E-03
+10.07500E-03,+395.92161E-03,+109.58790E-03
+10.10000E-03,+393.90868E-03,+112.77280E-03
+10.12500E-03,+400.32216E-03,+101.10349E-03
+10.15000E-03,+412.82229E-03,+77.32874E-03
+10.17500E-03,+429.42101E-03,+45.63705E-03
+10.20000E-03,+448.22755E-03,+10.54155E-03
+10.22500E-03,+465.67720E-03,-22.49728E-03
+10.25000E-03,+480.28454E-03,-49.99273E-03
+10.27500E-03,+489.75362E-03,-69.31722E-03
+10.30000E-03,+494.74408E-03,-78.24597E-03
+10.32500E-03,+493.67611E-03,-76.47316E-03
+10.35000E-03,+488.17976E-03,-65.26566E-03
+10.37500E-03,+478.66651E-03,-47.09906E-03
+10.40000E-03,+467.38192E-03,-24.86532E-03
+10.42500E-03,+455.31533E-03,-1.70517E-03
+10.45000E-03,+443.96175E-03,+18.73632E-03
+10.47500E-03,+435.39717E-03,+35.17398E-03
+10.50000E-03,+429.60888E-03,+45.36919E-03
+10.52500E-03,+427.95385E-03,+48.44440E-03
+10.55000E-03,+430.02675E-03,+44.75645E-03
+10.57500E-03,+435.08649E-03,+35.30596E-03
+10.60000E-03,+442.48603E-03,+21.85114E-03
+10.62500E-03,+450.57336E-03,+6.57154E-03
+10.65000E-03,+458.76429E-03,-8.41644E-03
+10.67500E-03,+465.74287E-03,-20.99428E-03
+10.70000E-03,+470.41621E-03,-30.26365E-03
+10.72500E-03,+473.42809E-03,-35.22335E-03
+10.75000E-03,+473.57879E-03,-35.32501E-03
+10.77500E-03,+471.19182E-03,-31.27531E-03
+10.80000E-03,+467.27220E-03,-23.70741E-03
+10.82500E-03,+461.90470E-03,-14.12762E-03
+10.85000E-03,+456.81363E-03,-3.87762E-03
+10.87500E-03,+451.65663E-03,+5.37863E-03
+10.90000E-03,+447.26281E-03,+12.86225E-03
+10.92500E-03,+444.48959E-03,+17.79059E-03
+10.95000E-03,+443.80811E-03,+19.84329E-03
+10.97500E-03,+444.39546E-03,+18.79989E-03
+11.00000E-03,+446.23906E-03,+15.01717E-03
+11.02500E-03,+449.15678E-03,+9.36325E-03
+11.05000E-03,+452.86599E-03,+2.76023E-03
+11.07500E-03,+456.58457E-03,-3.83649E-03
+11.10000E-03,+459.57763E-03,-9.51050E-03
+11.12500E-03,+462.14672E-03,-13.76736E-03
+11.15000E-03,+463.30250E-03,-16.31819E-03
+11.17500E-03,+463.44693E-03,-16.82945E-03
+11.20000E-03,+462.63975E-03,-15.39536E-03
+11.22500E-03,+461.13844E-03,-12.38904E-03
+11.25000E-03,+459.05302E-03,-8.39342E-03
+11.27500E-03,+457.02099E-03,-3.82872E-03
+11.30000E-03,+454.40789E-03,+326.42E-06
+11.32500E-03,+452.52980E-03,+3.74662E-03
+11.35000E-03,+451.17304E-03,+6.07762E-03
+11.37500E-03,+450.41614E-03,+7.19693E-03
+11.40000E-03,+450.72706E-03,+7.06310E-03
+11.42500E-03,+451.12280E-03,+5.60328E-03
+11.45000E-03,+452.53930E-03,+3.40665E-03
+11.47500E-03,+454.23216E-03,+620.22E-06
+11.50000E-03,+456.10082E-03,-2.23783E-03
+11.52500E-03,+457.49846E-03,-4.84647E-03
+11.55000E-03,+458.44380E-03,-6.96077E-03
+11.57500E-03,+459.14414E-03,-8.18877E-03
+11.60000E-03,+459.37031E-03,-8.58574E-03
+11.62500E-03,+459.10019E-03,-8.12027E-03
+11.65000E-03,+458.46890E-03,-6.95883E-03
+11.67500E-03,+457.68683E-03,-5.27791E-03
+11.70000E-03,+456.67869E-03,-3.39851E-03
+11.72500E-03,+455.75847E-03,-1.57817E-03
+11.75000E-03,+454.35768E-03,+11.02E-06
+11.77500E-03,+453.87717E-03,+1.21201E-03
+11.80000E-03,+453.68243E-03,+1.81251E-03
+11.82500E-03,+453.71388E-03,+1.85019E-03
+11.85000E-03,+453.70131E-03,+1.34892E-03
+11.87500E-03,+454.34204E-03,+400.42E-06
+11.90000E-03,+454.81312E-03,-710.76E-06
+11.92500E-03,+455.84018E-03,-1.99595E-03
+11.95000E-03,+456.50283E-03,-3.19507E-03
+11.97500E-03,+457.06186E-03,-4.11591E-03
+12.00000E-03,+457.46701E-03,-4.76602E-03
+12.02500E-03,+457.47328E-03,-5.04679E-03
+12.05000E-03,+457.52358E-03,-4.88347E-03
+12.07500E-03,+457.13409E-03,-4.43121E-03
+12.10000E-03,+457.03672E-03,-3.76035E-03
+12.12500E-03,+456.43058E-03,-2.93811E-03
+12.15000E-03,+455.97204E-03,-2.08321E-03
+12.17500E-03,+455.64537E-03,-1.27229E-03
+12.20000E-03,+455.12719E-03,-799.30E-06
+12.22500E-03,+455.05185E-03,-450.68E-06
+12.25000E-03,+454.97016E-03,-365.89E-06
+12.27500E-03,+454.75975E-03,-593.91E-06
+12.30000E-03,+454.84457E-03,-938.14E-06
+12.32500E-03,+455.50092E-03,-1.45384E-03
+12.35000E-03,+455.59830E-03,-2.04179E-03
+12.37500E-03,+455.67678E-03,-2.52671E-03
+12.40000E-03,+456.04115E-03,-3.01917E-03
+12.42500E-03,+456.26726E-03,-3.31063E-03
+12.45000E-03,+456.27982E-03,-3.45635E-03
+12.47500E-03,+456.26415E-03,-3.42870E-03
+12.50000E-03,+456.14792E-03,-3.27418E-03
+12.52500E-03,+456.08196E-03,-3.03799E-03
+12.55000E-03,+455.74901E-03,-2.63410E-03
+12.57500E-03,+455.43811E-03,-2.21952E-03
+12.60000E-03,+455.18374E-03,-1.94691E-03
+12.62500E-03,+455.14287E-03,-1.70383E-03
+12.65000E-03,+454.73146E-03,-1.56061E-03
+12.67500E-03,+455.24657E-03,-1.48398E-03
+12.70000E-03,+455.12719E-03,-1.50220E-03
+12.72500E-03,+455.13663E-03,-1.66929E-03
+12.75000E-03,+455.33130E-03,-1.87972E-03
+12.77500E-03,+455.48519E-03,-2.11904E-03
+12.80000E-03,+455.51349E-03,-2.32256E-03
+12.82500E-03,+455.73651E-03,-2.60460E-03
+12.85000E-03,+455.59830E-03,-2.71262E-03
+12.87500E-03,+455.40986E-03,-2.81564E-03
+12.90000E-03,+455.52919E-03,-2.80308E-03
+12.92500E-03,+455.73334E-03,-2.70006E-03
+12.95000E-03,+455.36275E-03,-2.59139E-03
+12.97500E-03,+455.21198E-03,-2.45885E-03
+13.00000E-03,+455.25284E-03,-2.32883E-03
+13.02500E-03,+455.04868E-03,-2.19064E-03
+13.05000E-03,+455.24653E-03,-2.02669E-03
+13.07500E-03,+455.02354E-03,-1.97142E-03
+13.10000E-03,+455.04868E-03,-1.90798E-03
+13.12500E-03,+454.97012E-03,-1.93939E-03
+13.15000E-03,+455.20890E-03,-1.99718E-03
+13.17500E-03,+455.13036E-03,-2.10647E-03
+13.20000E-03,+455.24970E-03,-2.16614E-03
+13.22500E-03,+455.29053E-03,-2.30622E-03
+13.25000E-03,+454.95448E-03,-2.41363E-03
+13.27500E-03,+454.97960E-03,-2.44316E-03
+13.30000E-03,+454.98899E-03,-2.53047E-03
+13.32500E-03,+455.02670E-03,-2.53864E-03
+13.35000E-03,+455.10209E-03,-2.49278E-03
+13.37500E-03,+454.98585E-03,-2.43247E-03
+13.40000E-03,+454.92623E-03,-2.36400E-03
+13.42500E-03,+455.12090E-03,-2.26916E-03
+13.45000E-03,+454.81940E-03,-2.22330E-03
+13.47500E-03,+454.95132E-03,-2.17054E-03
+13.50000E-03,+454.92304E-03,-2.15295E-03
+13.52500E-03,+455.08323E-03,-2.10836E-03
+13.55000E-03,+454.79113E-03,-2.11903E-03
+13.57500E-03,+454.58700E-03,-2.12971E-03
+13.60000E-03,+454.89164E-03,-2.19127E-03
+13.62500E-03,+454.81316E-03,-2.23461E-03
+13.65000E-03,+454.73461E-03,-2.26351E-03
+13.67500E-03,+454.73148E-03,-2.33322E-03
+13.70000E-03,+454.43943E-03,-2.34265E-03
+13.72500E-03,+454.86650E-03,-2.34768E-03
+13.75000E-03,+454.73461E-03,-2.34768E-03
+13.77500E-03,+454.85397E-03,-2.32882E-03
+13.80000E-03,+454.68121E-03,-2.35836E-03
+13.82500E-03,+454.93879E-03,-2.33951E-03
+13.85000E-03,+454.32005E-03,-2.30057E-03
+13.87500E-03,+454.71886E-03,-2.25032E-03
+13.90000E-03,+454.19128E-03,-2.26790E-03
+13.92500E-03,+454.48964E-03,-2.29303E-03
+13.95000E-03,+454.32943E-03,-2.21514E-03
+13.97500E-03,+454.46451E-03,-2.24968E-03
+14.00000E-03,+454.59330E-03,-2.25660E-03
+14.02500E-03,+454.37972E-03,-2.23336E-03
+14.05000E-03,+454.21014E-03,-2.26790E-03
+14.07500E-03,+454.70951E-03,-2.25596E-03
+14.10000E-03,+454.47705E-03,-2.29680E-03
+14.12500E-03,+454.34198E-03,-2.34140E-03
+14.15000E-03,+454.24469E-03,-2.35082E-03
+14.17500E-03,+454.52105E-03,-2.35709E-03
+14.20000E-03,+454.48019E-03,-2.34013E-03
+14.22500E-03,+454.26350E-03,-2.34454E-03
+14.25000E-03,+454.37345E-03,-2.33197E-03
+14.27500E-03,+454.29176E-03,-2.25596E-03
+14.30000E-03,+454.17873E-03,-2.24529E-03
+14.32500E-03,+454.20700E-03,-2.23148E-03
+14.35000E-03,+454.26350E-03,-2.20070E-03
+14.37500E-03,+454.18497E-03,-2.19064E-03
+14.40000E-03,+454.42372E-03,-2.24843E-03
+14.42500E-03,+454.28862E-03,-2.27418E-03
+14.45000E-03,+454.03742E-03,-2.29429E-03
+14.47500E-03,+453.99967E-03,-2.29617E-03
+14.50000E-03,+453.96514E-03,-2.29428E-03
+14.52500E-03,+454.01850E-03,-2.30057E-03
+14.55000E-03,+454.27291E-03,-2.25910E-03
+14.57500E-03,+453.99658E-03,-2.30057E-03
+14.60000E-03,+453.99341E-03,-2.30434E-03
+14.62500E-03,+453.91802E-03,-2.32883E-03
+14.65000E-03,+454.00910E-03,-2.32443E-03
+14.67500E-03,+453.79239E-03,-2.33449E-03
+14.70000E-03,+454.19126E-03,-2.31501E-03
+14.72500E-03,+454.10964E-03,-2.27293E-03
+14.75000E-03,+454.10646E-03,-2.25345E-03
+14.77500E-03,+454.04676E-03,-2.24278E-03
+14.80000E-03,+454.05939E-03,-2.27796E-03
+14.82500E-03,+453.81125E-03,-2.28675E-03
+14.85000E-03,+453.72641E-03,-2.30119E-03
+14.87500E-03,+453.91804E-03,-2.26601E-03
+14.90000E-03,+453.84265E-03,-2.26916E-03
+14.92500E-03,+382.63549E-03,-2.93257E-03
+14.95000E-03,+328.75167E-03,-9.03628E-03
+14.97500E-03,+331.40552E-03,-14.16751E-03
+15.00000E-03,+200.80662E-03,-19.88877E-03
+15.02500E-03,+153.40729E-03,-29.01686E-03
+15.05000E-03,-373.15657E-03,-41.67880E-03
+15.07500E-03,-565.30888E-03,-78.31843E-03
+15.10000E-03,-551.76324E-03,-103.70808E-03
+15.12500E-03,-546.20756E-03,-114.10337E-03
+15.15000E-03,-548.56017E-03,-109.40194E-03
+15.17500E-03,-557.90390E-03,-91.33825E-03
+15.20000E-03,-572.74073E-03,-63.56417E-03
+15.22500E-03,-590.29731E-03,-30.75377E-03
+15.25000E-03,-607.56179E-03,+2.76629E-03
+15.27500E-03,-623.70173E-03,+32.06825E-03
+15.30000E-03,-634.98927E-03,+54.89840E-03
+15.32500E-03,-642.20020E-03,+68.70284E-03
+15.35000E-03,-643.56940E-03,+71.51033E-03
+15.37500E-03,-639.70617E-03,+64.66207E-03
+15.40000E-03,-632.60497E-03,+49.86789E-03
+15.42500E-03,-622.20914E-03,+29.80749E-03
+15.45000E-03,-611.15703E-03,+7.46451E-03
+15.47500E-03,-599.72487E-03,-13.96373E-03
+15.50000E-03,-589.70610E-03,-31.91779E-03
+15.52500E-03,-582.92860E-03,-44.70030E-03
+15.55000E-03,-580.36900E-03,-50.87412E-03
+15.57500E-03,-580.56693E-03,-50.27158E-03
+15.60000E-03,-584.29501E-03,-43.52771E-03
+15.62500E-03,-589.94209E-03,-32.01125E-03
+15.65000E-03,-597.38870E-03,-17.80461E-03
+15.67500E-03,-605.59220E-03,-2.89192E-03
+15.70000E-03,-612.94143E-03,+10.42082E-03
+15.72500E-03,-619.11910E-03,+21.03193E-03
+15.75000E-03,-622.43250E-03,+27.76235E-03
+15.77500E-03,-623.07002E-03,+30.03109E-03
+15.80000E-03,-621.81683E-03,+27.92045E-03
+15.82500E-03,-619.03416E-03,+22.03030E-03
+15.85000E-03,-614.88840E-03,+13.50449E-03
+15.87500E-03,-609.69679E-03,+3.70422E-03
+15.90000E-03,-604.69989E-03,-5.79763E-03
+15.92500E-03,-599.94183E-03,-13.88554E-03
+15.95000E-03,-596.60638E-03,-20.02368E-03
+15.97500E-03,-594.92617E-03,-23.24973E-03
+16.00000E-03,-594.49591E-03,-23.51285E-03
+16.02500E-03,-595.89041E-03,-21.01781E-03
+16.05000E-03,-598.81129E-03,-16.32241E-03
+16.07500E-03,-602.45140E-03,-10.27402E-03
+16.10000E-03,-606.00040E-03,-3.72563E-03
+16.12500E-03,-609.38294E-03,+2.18137E-03
+16.15000E-03,-612.14985E-03,+6.97593E-03
+16.17500E-03,-613.83643E-03,+10.28053E-03
+16.20000E-03,-614.78170E-03,+11.67935E-03
+16.22500E-03,-614.32315E-03,+11.13155E-03
+16.25000E-03,-613.02602E-03,+8.84884E-03
+16.27500E-03,-610.78353E-03,+5.25586E-03
+16.30000E-03,-608.51595E-03,+1.10195E-03
+16.32500E-03,-606.06936E-03,-2.99227E-03
+16.35000E-03,-604.18490E-03,-6.64865E-03
+16.37500E-03,-602.36338E-03,-9.48341E-03
+16.40000E-03,-601.56879E-03,-11.16742E-03
+16.42500E-03,-601.33635E-03,-11.55747E-03
+16.45000E-03,-601.75409E-03,-10.78922E-03
+16.47500E-03,-602.64608E-03,-8.89974E-03
+16.50000E-03,-604.40485E-03,-6.43679E-03
+16.52500E-03,-605.73967E-03,-3.57185E-03
+16.55000E-03,-607.25979E-03,-971.98E-06
+16.57500E-03,-608.47204E-03,+1.37725E-03
+16.60000E-03,-609.48028E-03,+2.92371E-03
+16.62500E-03,-609.91676E-03,+3.70762E-03
+16.65000E-03,-609.88536E-03,+3.63410E-03
+16.67500E-03,-609.41425E-03,+2.77981E-03
+16.70000E-03,-608.60079E-03,+1.39977E-03
+16.72500E-03,-607.63341E-03,-321.34E-06
+16.75000E-03,-606.55619E-03,-2.19697E-03
+16.77500E-03,-605.70192E-03,-3.87221E-03
+16.80000E-03,-604.97645E-03,-5.22271E-03
+16.82500E-03,-604.17871E-03,-6.10838E-03
+16.85000E-03,-604.31370E-03,-6.35459E-03
+16.87500E-03,-604.31063E-03,-6.16360E-03
+16.90000E-03,-604.67809E-03,-5.42178E-03
+16.92500E-03,-605.49470E-03,-4.34262E-03
+16.95000E-03,-605.91548E-03,-3.10204E-03
+16.97500E-03,-606.71638E-03,-1.93747E-03
+17.00000E-03,-607.30999E-03,-915.49E-06
+17.02500E-03,-607.54243E-03,-128.44E-06
+17.05000E-03,-607.76538E-03,+300.57E-06
+17.07500E-03,-607.66169E-03,+364.64E-06
+17.10000E-03,-607.74028E-03,+50.54E-06
+17.12500E-03,-607.27859E-03,-544.93E-06
+17.15000E-03,-606.93939E-03,-1.28551E-03
+17.17500E-03,-606.49023E-03,-2.08514E-03
+17.20000E-03,-605.95948E-03,-2.88350E-03
+17.22500E-03,-606.17937E-03,-3.47583E-03
+17.25000E-03,-605.39414E-03,-3.92118E-03
+17.27500E-03,-605.33134E-03,-4.08512E-03
+17.30000E-03,-605.37532E-03,-3.99655E-03
+17.32500E-03,-605.52609E-03,-3.71011E-03
+17.35000E-03,-606.02233E-03,-3.30872E-03
+17.37500E-03,-606.06939E-03,-2.72768E-03
+17.40000E-03,-606.17303E-03,-2.25596E-03
+17.42500E-03,-606.31749E-03,-1.70696E-03
+17.45000E-03,-606.69127E-03,-1.34327E-03
+17.47500E-03,-606.84831E-03,-1.17807E-03
+17.50000E-03,-606.58764E-03,-1.10711E-03
+17.52500E-03,-606.91424E-03,-1.22456E-03
+17.55000E-03,-606.90485E-03,-1.52860E-03
+17.57500E-03,-606.66614E-03,-1.82382E-03
+17.60000E-03,-606.43058E-03,-2.13474E-03
+17.62500E-03,-606.22641E-03,-2.44191E-03
+17.65000E-03,-605.89671E-03,-2.83260E-03
+17.67500E-03,-606.03800E-03,-2.98211E-03
+17.70000E-03,-605.64541E-03,-3.05685E-03
+17.72500E-03,-605.77734E-03,-3.05433E-03
+17.75000E-03,-605.92806E-03,-2.95068E-03
+17.77500E-03,-606.03800E-03,-2.80432E-03
+17.80000E-03,-606.03800E-03,-2.54553E-03
+17.82500E-03,-606.31443E-03,-2.29490E-03
+17.85000E-03,-606.13535E-03,-2.10395E-03
+17.87500E-03,-606.22647E-03,-1.92054E-03
+17.90000E-03,-606.46514E-03,-1.83322E-03
+17.92500E-03,-606.53109E-03,-1.75723E-03
+17.95000E-03,-606.71636E-03,-1.81187E-03
+17.97500E-03,-606.43998E-03,-1.89165E-03
+18.00000E-03,-606.16364E-03,-2.07759E-03
+18.02500E-03,-606.25155E-03,-2.20634E-03
+18.05000E-03,-605.99718E-03,-2.36275E-03
+18.07500E-03,-605.95948E-03,-2.50596E-03
+18.10000E-03,-606.01285E-03,-2.59893E-03
+18.12500E-03,-605.72393E-03,-2.63034E-03
+18.15000E-03,-605.62966E-03,-2.65672E-03
+18.17500E-03,-605.90608E-03,-2.58323E-03
+18.20000E-03,-605.64541E-03,-2.52168E-03
+18.22500E-03,-605.86530E-03,-2.38600E-03
+18.25000E-03,-606.00653E-03,-2.32569E-03
+18.27500E-03,-605.65800E-03,-2.15923E-03
+18.30000E-03,-606.10710E-03,-2.14730E-03
+18.32500E-03,-605.81183E-03,-2.02418E-03
+18.35000E-03,-605.89040E-03,-2.03738E-03
+18.37500E-03,-605.94379E-03,-2.05247E-03
+18.40000E-03,-606.17929E-03,-2.10773E-03
+18.42500E-03,-606.03800E-03,-2.16552E-03
+18.45000E-03,-605.86214E-03,-2.26163E-03
+18.47500E-03,-605.95948E-03,-2.30873E-03
+18.50000E-03,-605.84956E-03,-2.35710E-03
+18.52500E-03,-605.94373E-03,-2.42996E-03
+18.55000E-03,-605.56381E-03,-2.42369E-03
+18.57500E-03,-605.29054E-03,-2.40610E-03
+18.60000E-03,-605.56376E-03,-2.44315E-03
+18.62500E-03,-605.50407E-03,-2.42305E-03
+18.65000E-03,-605.61089E-03,-2.39354E-03
+18.67500E-03,-605.60771E-03,-2.34014E-03
+18.70000E-03,-605.51351E-03,-2.26916E-03
+18.72500E-03,-605.67055E-03,-2.20634E-03
+18.75000E-03,-605.56687E-03,-2.20634E-03
+18.77500E-03,-605.53859E-03,-2.18247E-03
+18.80000E-03,-605.53861E-03,-2.21200E-03
+18.82500E-03,-605.56058E-03,-2.17431E-03
+18.85000E-03,-605.51034E-03,-2.22644E-03
+18.87500E-03,-605.39419E-03,-2.25032E-03
+18.90000E-03,-605.41300E-03,-2.28801E-03
+18.92500E-03,-605.68627E-03,-2.31250E-03
+18.95000E-03,-605.43183E-03,-2.37029E-03
+18.97500E-03,-605.58255E-03,-2.33008E-03
+19.00000E-03,-605.33134E-03,-2.40421E-03
+19.02500E-03,-605.64541E-03,-2.35145E-03
+19.05000E-03,-605.49466E-03,-2.36338E-03
+19.07500E-03,-605.47583E-03,-2.33072E-03
+19.10000E-03,-605.26848E-03,-2.26476E-03
+19.12500E-03,-605.42558E-03,-2.25659E-03
+19.15000E-03,-605.20886E-03,-2.26225E-03
+19.17500E-03,-605.33134E-03,-2.27606E-03
+19.20000E-03,-605.34077E-03,-2.22393E-03
+19.22500E-03,-605.27161E-03,-2.25408E-03
+19.25000E-03,-605.42559E-03,-2.25659E-03
+19.27500E-03,-605.43811E-03,-2.28926E-03
+19.30000E-03,-605.37216E-03,-2.32443E-03
+19.32500E-03,-605.33134E-03,-2.32695E-03
+19.35000E-03,-605.24025E-03,-2.35081E-03
+19.37500E-03,-605.33134E-03,-2.28486E-03
+19.40000E-03,-605.12089E-03,-2.29742E-03
+19.42500E-03,-605.20259E-03,-2.33197E-03
+19.45000E-03,-605.13978E-03,-2.30810E-03
+19.47500E-03,-604.99530E-03,-2.35459E-03
+19.50000E-03,-604.89166E-03,-2.35081E-03
+19.52500E-03,-605.09578E-03,-2.32819E-03
+19.55000E-03,-605.09578E-03,-2.29868E-03
+19.57500E-03,-604.97331E-03,-2.33889E-03
+19.60000E-03,-604.91365E-03,-2.27607E-03
+19.62500E-03,-605.11151E-03,-2.31941E-03
+19.65000E-03,-605.01727E-03,-2.24968E-03
+19.67500E-03,-605.23395E-03,-2.28235E-03
+19.70000E-03,-605.07697E-03,-2.28737E-03
+19.72500E-03,-604.93557E-03,-2.27606E-03
+19.75000E-03,-605.26854E-03,-2.31313E-03
+19.77500E-03,-604.99846E-03,-2.28110E-03
+19.80000E-03,-605.11778E-03,-2.30057E-03
+19.82500E-03,-604.65297E-03,-2.29429E-03
+19.85000E-03,-604.87276E-03,-2.34705E-03
+19.87500E-03,-604.71889E-03,-2.33198E-03
+19.90000E-03,-589.07862E-03,-2.13723E-03
+19.92500E-03,-477.83752E-03,+3.25428E-03
+19.95000E-03,-479.27613E-03,+8.85849E-03
+19.97500E-03,-370.54115E-03,+14.67273E-03
+20.00000E-03,-319.13053E-03,+24.08159E-03
+20.02500E-03,+97.01971E-03,+35.51845E-03
+20.05000E-03,+415.76728E-03,+71.76646E-03
+20.07500E-03,+401.72238E-03,+98.28608E-03
+20.10000E-03,+395.77725E-03,+109.53245E-03
+20.12500E-03,+397.91947E-03,+105.74868E-03
+20.15000E-03,+406.90838E-03,+88.42669E-03
+20.17500E-03,+421.02276E-03,+61.20226E-03
+20.20000E-03,+438.54485E-03,+28.35037E-03
+20.22500E-03,+456.36203E-03,-5.37821E-03
+20.25000E-03,+472.41719E-03,-35.09035E-03
+20.27500E-03,+484.58415E-03,-58.51973E-03
+20.30000E-03,+491.87039E-03,-72.62304E-03
+20.32500E-03,+493.83636E-03,-76.37090E-03
+20.35000E-03,+490.72063E-03,-70.15012E-03
+20.37500E-03,+483.04775E-03,-55.77678E-03
+20.40000E-03,+472.61431E-03,-35.93431E-03
+20.42500E-03,+461.76622E-03,-13.63402E-03
+20.45000E-03,+449.93845E-03,+8.01099E-03
+20.47500E-03,+439.75319E-03,+26.18480E-03
+20.50000E-03,+433.04793E-03,+39.45538E-03
+20.52500E-03,+428.86457E-03,+46.16373E-03
+20.55000E-03,+429.24784E-03,+45.98766E-03
+20.57500E-03,+432.79061E-03,+39.62067E-03
+20.60000E-03,+438.70467E-03,+28.36302E-03
+20.62500E-03,+446.64754E-03,+14.28188E-03
+20.65000E-03,+454.27627E-03,-775.21E-06
+20.67500E-03,+461.92383E-03,-14.23871E-03
+20.70000E-03,+467.78748E-03,-25.17833E-03
+20.72500E-03,+471.56260E-03,-32.25735E-03
+20.75000E-03,+473.31189E-03,-34.82255E-03
+20.77500E-03,+472.14031E-03,-32.97570E-03
+20.80000E-03,+468.93987E-03,-27.31921E-03
+20.82500E-03,+464.40784E-03,-18.80973E-03
+20.85000E-03,+459.05607E-03,-9.10872E-03
+20.87500E-03,+454.29474E-03,+570.28E-06
+20.90000E-03,+449.52095E-03,+8.80515E-03
+20.92500E-03,+446.10700E-03,+14.99981E-03
+20.95000E-03,+444.07503E-03,+18.52676E-03
+20.97500E-03,+443.94003E-03,+19.03548E-03
+21.00000E-03,+445.04559E-03,+16.67547E-03
+21.02500E-03,+447.63041E-03,+12.06863E-03
+21.05000E-03,+450.81511E-03,+5.98130E-03
+21.07500E-03,+454.75983E-03,-394.34E-06
+21.10000E-03,+458.23032E-03,-6.50991E-03
+21.12500E-03,+460.67060E-03,-11.43074E-03
+21.15000E-03,+462.70263E-03,-14.86347E-03
+21.17500E-03,+463.36842E-03,-16.36717E-03
+21.20000E-03,+463.08883E-03,-15.92552E-03
+21.22500E-03,+461.60644E-03,-13.79042E-03
+21.25000E-03,+459.99519E-03,-10.32495E-03
+21.27500E-03,+457.96319E-03,-6.05042E-03
+21.30000E-03,+455.43176E-03,-1.88209E-03
+21.32500E-03,+453.27098E-03,+1.84778E-03
+21.35000E-03,+451.73832E-03,+4.72087E-03
+21.37500E-03,+450.71450E-03,+6.49343E-03
+21.40000E-03,+450.41929E-03,+7.02417E-03
+21.42500E-03,+450.66110E-03,+6.24651E-03
+21.45000E-03,+451.88600E-03,+4.45502E-03
+21.47500E-03,+453.34961E-03,+2.00400E-03
+21.50000E-03,+455.08014E-03,-796.25E-06
+21.52500E-03,+456.65984E-03,-3.47465E-03
+21.55000E-03,+457.74344E-03,-5.76545E-03
+21.57500E-03,+458.79870E-03,-7.45262E-03
+21.60000E-03,+459.13159E-03,-8.28174E-03
+21.62500E-03,+459.08447E-03,-8.28359E-03
+21.65000E-03,+458.72325E-03,-7.53482E-03
+21.67500E-03,+458.10140E-03,-6.10517E-03
+21.70000E-03,+456.98332E-03,-4.38970E-03
+21.72500E-03,+455.91550E-03,-2.56811E-03
+21.75000E-03,+454.90729E-03,-846.38E-06
+21.77500E-03,+454.26350E-03,+538.67E-06
+21.80000E-03,+453.94943E-03,+1.40988E-03
+21.82500E-03,+453.63536E-03,+1.76727E-03
+21.85000E-03,+453.60713E-03,+1.50533E-03
+21.87500E-03,+453.94945E-03,+887.21E-06
+21.90000E-03,+454.57757E-03,-187.53E-06
+21.92500E-03,+455.34397E-03,-1.38917E-03
+21.95000E-03,+456.06940E-03,-2.58264E-03
+21.97500E-03,+456.66296E-03,-3.66869E-03
+22.00000E-03,+457.04304E-03,-4.46766E-03
+22.02500E-03,+457.40105E-03,-4.90609E-03
+22.05000E-03,+457.19689E-03,-4.98398E-03
+22.07500E-03,+457.13408E-03,-4.65293E-03
+22.10000E-03,+456.83570E-03,-4.10394E-03
+22.12500E-03,+456.28923E-03,-3.40293E-03
+22.15000E-03,+455.87156E-03,-2.52543E-03
+22.17500E-03,+455.29052E-03,-1.75658E-03
+22.20000E-03,+454.92300E-03,-1.14729E-03
+22.22500E-03,+454.88846E-03,-714.51E-06
+22.25000E-03,+454.81308E-03,-544.91E-06
+22.27500E-03,+454.81312E-03,-585.12E-06
+22.30000E-03,+454.81312E-03,-860.24E-06
+22.32500E-03,+454.66552E-03,-1.30686E-03
+22.35000E-03,+455.27797E-03,-1.79242E-03
+22.37500E-03,+455.77103E-03,-2.31629E-03
+22.40000E-03,+456.01289E-03,-2.80498E-03
+22.42500E-03,+456.21707E-03,-3.17809E-03
+22.45000E-03,+456.38348E-03,-3.40987E-03
+22.47500E-03,+456.52794E-03,-3.47330E-03
+22.50000E-03,+456.06941E-03,-3.35270E-03
+22.52500E-03,+456.25155E-03,-3.20886E-03
+22.55000E-03,+456.01600E-03,-2.85394E-03
+22.57500E-03,+455.74902E-03,-2.47894E-03
+22.60000E-03,+455.57633E-03,-2.13222E-03
+22.62500E-03,+455.33132E-03,-1.84202E-03
+22.65000E-03,+455.26848E-03,-1.63913E-03
+22.67500E-03,+455.15543E-03,-1.53109E-03
+22.70000E-03,+454.96695E-03,-1.50660E-03
+22.72500E-03,+455.11775E-03,-1.62407E-03
+22.75000E-03,+455.20567E-03,-1.75723E-03
+22.77500E-03,+455.32504E-03,-2.03236E-03
+22.80000E-03,+455.67053E-03,-2.29805E-03
+22.82500E-03,+455.76161E-03,-2.51163E-03
+22.85000E-03,+455.79300E-03,-2.65485E-03
+22.87500E-03,+455.80245E-03,-2.77795E-03
+22.90000E-03,+456.04425E-03,-2.79114E-03
+22.92500E-03,+455.67682E-03,-2.76538E-03
+22.95000E-03,+455.57944E-03,-2.69127E-03
+22.97500E-03,+455.75533E-03,-2.57003E-03
+23.00000E-03,+455.73964E-03,-2.37593E-03
+23.02500E-03,+455.41926E-03,-2.23900E-03
+23.05000E-03,+455.20259E-03,-2.07318E-03
+23.07500E-03,+455.29045E-03,-2.02858E-03
+23.10000E-03,+454.91679E-03,-1.95006E-03
+23.12500E-03,+455.28420E-03,-1.95509E-03
+23.15000E-03,+455.18060E-03,-1.99969E-03
+23.17500E-03,+455.15548E-03,-2.03361E-03
+23.20000E-03,+455.24655E-03,-2.13473E-03
+23.22500E-03,+455.33447E-03,-2.24593E-03
+23.25000E-03,+455.06444E-03,-2.32571E-03
+23.27500E-03,+455.43811E-03,-2.42745E-03
+23.30000E-03,+455.51978E-03,-2.47330E-03
+23.32500E-03,+455.24966E-03,-2.52041E-03
+23.35000E-03,+455.55432E-03,-2.50471E-03
+23.37500E-03,+455.17429E-03,-2.49214E-03
+23.40000E-03,+455.22146E-03,-2.40734E-03
+23.42500E-03,+455.19942E-03,-2.28048E-03
+23.45000E-03,+455.40363E-03,-2.26098E-03
+23.47500E-03,+455.18370E-03,-2.19001E-03
+23.50000E-03,+455.09580E-03,-2.16551E-03
+23.52500E-03,+454.97956E-03,-2.11212E-03
+23.55000E-03,+455.01722E-03,-2.12783E-03
+23.57500E-03,+455.03924E-03,-2.18498E-03
+23.60000E-03,+455.20884E-03,-2.22080E-03
+23.62500E-03,+455.20571E-03,-2.19064E-03
+23.65000E-03,+455.04868E-03,-2.25911E-03
+23.67500E-03,+455.03931E-03,-2.33322E-03
+23.70000E-03,+454.76285E-03,-2.36338E-03
+23.72500E-03,+454.98273E-03,-2.38663E-03
+23.75000E-03,+455.04869E-03,-2.34769E-03
+23.77500E-03,+455.15550E-03,-2.38159E-03
+23.80000E-03,+454.80679E-03,-2.44316E-03
+23.82500E-03,+455.04868E-03,-2.37845E-03
+23.85000E-03,+455.09892E-03,-2.31753E-03
+23.87500E-03,+454.90735E-03,-2.30057E-03
+23.90000E-03,+454.81942E-03,-2.26790E-03
+23.92500E-03,+454.75665E-03,-2.27733E-03
+23.95000E-03,+454.66547E-03,-2.25158E-03
+23.97500E-03,+454.62155E-03,-2.23273E-03
+24.00000E-03,+454.75029E-03,-2.25345E-03
+24.02500E-03,+454.73461E-03,-2.23274E-03
+24.05000E-03,+454.51793E-03,-2.20071E-03
+24.07500E-03,+454.51160E-03,-2.31376E-03
+24.10000E-03,+454.65609E-03,-2.28486E-03
+24.12500E-03,+454.79745E-03,-2.29743E-03
+24.15000E-03,+454.66549E-03,-2.32003E-03
+24.17500E-03,+454.58703E-03,-2.34768E-03
+24.20000E-03,+454.43940E-03,-2.34579E-03
+24.22500E-03,+454.57444E-03,-2.29806E-03
+24.25000E-03,+454.37341E-03,-2.29114E-03
+24.27500E-03,+454.34202E-03,-2.31627E-03
+24.30000E-03,+454.57445E-03,-2.26978E-03
+24.32500E-03,+454.55555E-03,-2.22143E-03
+24.35000E-03,+454.27607E-03,-2.26351E-03
+24.37500E-03,+454.34202E-03,-2.26915E-03
+24.40000E-03,+454.35457E-03,-2.29554E-03
+24.42500E-03,+454.41737E-03,-2.27984E-03
+24.45000E-03,+454.45821E-03,-2.25535E-03
+24.47500E-03,+454.08450E-03,-2.31248E-03
+24.50000E-03,+454.48334E-03,-2.30370E-03
+24.52500E-03,+454.33257E-03,-2.22583E-03
+24.55000E-03,+454.31378E-03,-2.27292E-03
+24.57500E-03,+454.41115E-03,-2.27355E-03
+24.60000E-03,+454.18498E-03,-2.29366E-03
+24.62500E-03,+454.21640E-03,-2.32255E-03
+24.65000E-03,+454.23844E-03,-2.32004E-03
+24.67500E-03,+454.01537E-03,-2.32442E-03
+24.70000E-03,+454.03422E-03,-2.31125E-03
+24.72500E-03,+454.14731E-03,-2.28046E-03
+24.75000E-03,+454.24778E-03,-2.28486E-03
+24.77500E-03,+453.94003E-03,-2.26789E-03
+24.80000E-03,+453.98088E-03,-2.26727E-03
+24.82500E-03,+454.31372E-03,-2.28486E-03
+24.85000E-03,+454.33262E-03,-2.19315E-03
+24.87500E-03,+454.18498E-03,-2.29743E-03
+24.90000E-03,+454.25725E-03,-2.30372E-03
+24.92500E-03,+454.01546E-03,-2.29178E-03
+24.95000E-03,+328.55612E-03,-4.08158E-03
+24.97500E-03,+237.30052E-03,-11.46365E-03
